0.000000 -1.500000 1.179646956812215e-02
-1.000000 -1.400000 1.200998032953612e-02
-0.900000 -1.400000 1.227378336567623e-02
-0.800000 -1.400000 1.251983798503530e-02
-0.700000 -1.400000 1.274528524767099e-02
-0.600000 -1.400000 1.294734464793895e-02
-0.500000 -1.400000 1.312339012522860e-02
-0.400000 -1.400000 1.327102826413742e-02
-0.300000 -1.400000 1.338817479358125e-02
-0.200000 -1.400000 1.347312514125626e-02
-0.100000 -1.400000 1.352461479147762e-02
0.000000 -1.400000 1.354186557565043e-02
0.100000 -1.400000 1.352461479147762e-02
0.200000 -1.400000 1.347312514125626e-02
0.300000 -1.400000 1.338817479358125e-02
0.400000 -1.400000 1.327102826413742e-02
0.500000 -1.400000 1.312339012522859e-02
0.600000 -1.400000 1.294734464793894e-02
0.700000 -1.400000 1.274528524767098e-02
0.800000 -1.400000 1.251983798503530e-02
0.900000 -1.400000 1.227378336567622e-02
1.000000 -1.400000 1.200998032953612e-02
-1.400000 -1.300000 1.217525528819947e-02
-1.300000 -1.300000 1.256428711397626e-02
-1.200000 -1.300000 1.294734464793895e-02
-1.100000 -1.300000 1.332098194643656e-02
-1.000000 -1.300000 1.368147243725507e-02
-0.900000 -1.300000 1.402486474413466e-02
-0.800000 -1.300000 1.434705758285127e-02
-0.700000 -1.300000 1.464389325697923e-02
-0.600000 -1.300000 1.491126771251396e-02
-0.500000 -1.300000 1.514525336848778e-02
-0.400000 -1.300000 1.534222920709529e-02
-0.300000 -1.300000 1.549901111140137e-02
-0.200000 -1.300000 1.561297442839697e-02
-0.100000 -1.300000 1.568216043029533e-02
0.000000 -1.300000 1.570535889247032e-02
0.100000 -1.300000 1.568216043029533e-02
0.200000 -1.300000 1.561297442839696e-02
0.300000 -1.300000 1.549901111140137e-02
0.400000 -1.300000 1.534222920709528e-02
0.500000 -1.300000 1.514525336848778e-02
0.600000 -1.300000 1.491126771251395e-02
0.700000 -1.300000 1.464389325697922e-02
0.800000 -1.300000 1.434705758285126e-02
0.900000 -1.300000 1.402486474413465e-02
1.000000 -1.300000 1.368147243725506e-02
1.100000 -1.300000 1.332098194643655e-02
1.200000 -1.300000 1.294734464793894e-02
1.300000 -1.300000 1.256428711397625e-02
1.400000 -1.300000 1.217525528819946e-02
-1.800000 -1.200000 1.179646956812215e-02
-1.700000 -1.200000 1.227378336567623e-02
-1.600000 -1.200000 1.276060410013213e-02
-1.500000 -1.200000 1.325446018890129e-02
-1.400000 -1.200000 1.375236089547919e-02
-1.300000 -1.200000 1.425076860578515e-02
-1.200000 -1.200000 1.474558696015270e-02
-1.100000 -1.200000 1.523217017404582e-02
-1.000000 -1.200000 1.570535889247033e-02
-0.900000 -1.200000 1.615954735359200e-02
-0.800000 -1.200000 1.658878533017179e-02
-0.700000 -1.200000 1.698691617809591e-02
-0.600000 -1.200000 1.734774936488552e-02
-0.500000 -1.200000 1.766526224843584e-02
-0.400000 -1.200000 1.793382197856409e-02
-0.300000 -1.200000 1.814841472018793e-02
-0.200000 -1.200000 1.830486657122404e-02
-0.100000 -1.200000 1.840003918771220e-02
0.000000 -1.200000 1.843198370019087e-02
0.100000 -1.200000 1.840003918771220e-02
0.200000 -1.200000 1.830486657122403e-02
0.300000 -1.200000 1.814841472018793e-02
0.400000 -1.200000 1.793382197856409e-02
0.500000 -1.200000 1.766526224843584e-02
0.600000 -1.200000 1.734774936488551e-02
0.700000 -1.200000 1.698691617809589e-02
0.800000 -1.200000 1.658878533017177e-02
0.900000 -1.200000 1.615954735359198e-02
1.000000 -1.200000 1.570535889247031e-02
1.100000 -1.200000 1.523217017404581e-02
1.200000 -1.200000 1.474558696015268e-02
1.300000 -1.200000 1.425076860578513e-02
1.400000 -1.200000 1.375236089547918e-02
1.500000 -1.200000 1.325446018890128e-02
1.600000 -1.200000 1.276060410013212e-02
1.700000 -1.200000 1.227378336567621e-02
1.800000 -1.200000 1.179646956812213e-02
-2.000000 -1.100000 1.200998032953612e-02
-1.900000 -1.100000 1.256428711397625e-02
-1.800000 -1.100000 1.313963194469051e-02
-1.700000 -1.100000 1.373457000169461e-02
-1.600000 -1.100000 1.434705758285127e-02
-1.500000 -1.100000 1.497436193414660e-02
-1.400000 -1.100000 1.561297442839697e-02
-1.300000 -1.100000 1.625853386111783e-02
-1.200000 -1.100000 1.690576848934704e-02
-1.100000 -1.100000 1.754846712613214e-02
-1.000000 -1.100000 1.817949077279100e-02
-0.900000 -1.100000 1.879083648019459e-02
-0.800000 -1.100000 1.937376388925173e-02
-0.700000 -1.100000 1.991899176605994e-02
-0.600000 -1.100000 2.041696656021143e-02
-0.500000 -1.100000 2.085819766465609e-02
-0.400000 -1.100000 2.123364522261990e-02
-0.300000 -1.100000 2.153513714261653e-02
-0.200000 -1.100000 2.175578403956957e-02
-0.100000 -1.100000 2.189035589960814e-02
0.000000 -1.100000 2.193558390766518e-02
0.100000 -1.100000 2.189035589960814e-02
0.200000 -1.100000 2.175578403956956e-02
0.300000 -1.100000 2.153513714261652e-02
0.400000 -1.100000 2.123364522261988e-02
0.500000 -1.100000 2.085819766465606e-02
0.600000 -1.100000 2.041696656021142e-02
0.700000 -1.100000 1.991899176605993e-02
0.800000 -1.100000 1.937376388925171e-02
0.900000 -1.100000 1.879083648019458e-02
1.000000 -1.100000 1.817949077279098e-02
1.100000 -1.100000 1.754846712613212e-02
1.200000 -1.100000 1.690576848934703e-02
1.300000 -1.100000 1.625853386111780e-02
1.400000 -1.100000 1.561297442839695e-02
1.500000 -1.100000 1.497436193414658e-02
1.600000 -1.100000 1.434705758285125e-02
1.700000 -1.100000 1.373457000169459e-02
1.800000 -1.100000 1.313963194469049e-02
1.900000 -1.100000 1.256428711397624e-02
2.000000 -1.100000 1.200998032953611e-02
-2.200000 -1.000000 1.200998032953612e-02
-2.100000 -1.000000 1.262404591118898e-02
-2.000000 -1.000000 1.327102826413742e-02
-1.900000 -1.000000 1.395114666400780e-02
-1.800000 -1.000000 1.466411962888112e-02
-1.700000 -1.000000 1.540903136619730e-02
-1.600000 -1.000000 1.618418080992369e-02
-1.500000 -1.000000 1.698691617809591e-02
-1.400000 -1.000000 1.781346075723145e-02
-1.300000 -1.000000 1.865873921144102e-02
-1.200000 -1.000000 1.951621803549623e-02
-1.100000 -1.000000 2.037777852458723e-02
-1.000000 -1.000000 2.123364522261990e-02
-0.900000 -1.000000 2.207239628130967e-02
-0.800000 -1.000000 2.288108321403006e-02
-0.700000 -1.000000 2.364548465770590e-02
-0.600000 -1.000000 2.435051057639897e-02
-0.500000 -1.000000 2.498075908543518e-02
-0.400000 -1.000000 2.552120820026431e-02
-0.300000 -1.000000 2.595800149464536e-02
-0.200000 -1.000000 2.627926388938107e-02
-0.100000 -1.000000 2.647586686112207e-02
0.000000 -1.000000 2.654205652827487e-02
0.100000 -1.000000 2.647586686112206e-02
0.200000 -1.000000 2.627926388938106e-02
0.300000 -1.000000 2.595800149464534e-02
0.400000 -1.000000 2.552120820026429e-02
0.500000 -1.000000 2.498075908543516e-02
0.600000 -1.000000 2.435051057639894e-02
0.700000 -1.000000 2.364548465770588e-02
0.800000 -1.000000 2.288108321403004e-02
0.900000 -1.000000 2.207239628130964e-02
1.000000 -1.000000 2.123364522261987e-02
1.100000 -1.000000 2.037777852458720e-02
1.200000 -1.000000 1.951621803549620e-02
1.300000 -1.000000 1.865873921144100e-02
1.400000 -1.000000 1.781346075723143e-02
1.500000 -1.000000 1.698691617809588e-02
1.600000 -1.000000 1.618418080992366e-02
1.700000 -1.000000 1.540903136619727e-02
1.800000 -1.000000 1.466411962888110e-02
1.900000 -1.000000 1.395114666400778e-02
2.000000 -1.000000 1.327102826413740e-02
2.100000 -1.000000 1.262404591118896e-02
2.200000 -1.000000 1.200998032953610e-02
-2.400000 -0.900000 1.179646956812214e-02
-2.300000 -0.900000 1.244645089250871e-02
-2.200000 -0.900000 1.313963194469051e-02
-2.100000 -0.900000 1.387819949190841e-02
-2.000000 -0.900000 1.466411962888112e-02
-1.900000 -0.900000 1.549901111140137e-02
-1.800000 -0.900000 1.638398551128076e-02
-1.700000 -0.900000 1.731944961061980e-02
-1.600000 -0.900000 1.830486657122403e-02
-1.500000 -0.900000 1.933847470183961e-02
-1.400000 -0.900000 2.041696656021143e-02
-1.300000 -0.900000 2.153513714261652e-02
-1.200000 -0.900000 2.268551840023493e-02
-1.100000 -0.900000 2.385802834002236e-02
-1.000000 -0.900000 2.503967597007064e-02
-0.900000 -0.900000 2.621437681804926e-02
-0.800000 -0.900000 2.736294487451018e-02
-0.700000 -0.900000 2.846333139761382e-02
-0.600000 -0.900000 2.949117392030542e-02
-0.500000 -0.900000 3.042069516134657e-02
-0.400000 -0.900000 3.122594885679399e-02
-0.300000 -0.900000 3.188235018411398e-02
-0.200000 -0.900000 3.236836161984743e-02
-0.100000 -0.900000 3.266714649633832e-02
0.000000 -0.900000 3.276797102256158e-02
0.100000 -0.900000 3.266714649633831e-02
0.200000 -0.900000 3.236836161984741e-02
0.300000 -0.900000 3.188235018411396e-02
0.400000 -0.900000 3.122594885679397e-02
0.500000 -0.900000 3.042069516134655e-02
0.600000 -0.900000 2.949117392030540e-02
0.700000 -0.900000 2.846333139761378e-02
0.800000 -0.900000 2.736294487451015e-02
0.900000 -0.900000 2.621437681804923e-02
1.000000 -0.900000 2.503967597007060e-02
1.100000 -0.900000 2.385802834002232e-02
1.200000 -0.900000 2.268551840023489e-02
1.300000 -0.900000 2.153513714261648e-02
1.400000 -0.900000 2.041696656021139e-02
1.500000 -0.900000 1.933847470183957e-02
1.600000 -0.900000 1.830486657122400e-02
1.700000 -0.900000 1.731944961061977e-02
1.800000 -0.900000 1.638398551128074e-02
1.900000 -0.900000 1.549901111140133e-02
2.000000 -0.900000 1.466411962888110e-02
2.100000 -0.900000 1.387819949190838e-02
2.200000 -0.900000 1.313963194469049e-02
2.300000 -0.900000 1.244645089250869e-02
2.400000 -0.900000 1.179646956812212e-02
-2.500000 -0.800000 1.205087697083987e-02
-2.400000 -0.800000 1.276060410013212e-02
-2.300000 -0.800000 1.352461479147762e-02
-2.200000 -0.800000 1.434705758285126e-02
-2.100000 -0.800000 1.523217017404581e-02
-2.000000 -0.800000 1.618418080992368e-02
-1.900000 -0.800000 1.720716792756878e-02
-1.800000 -0.800000 1.830486657122403e-02
-1.700000 -0.800000 1.948040846111915e-02
-1.600000 -0.800000 2.073598166271473e-02
-1.500000 -0.800000 2.207239628130965e-02
-1.400000 -0.800000 2.348854560024325e-02
-1.300000 -0.800000 2.498075908543518e-02
-1.200000 -0.800000 2.654205652827488e-02
-1.100000 -0.800000 2.816133318649855e-02
-1.000000 -0.800000 2.982253542502796e-02
-0.900000 -0.800000 3.150392466264082e-02
-0.800000 -0.800000 3.317757066034361e-02
-0.700000 -0.800000 3.480925446331135e-02
-0.600000 -0.800000 3.635898154558205e-02
-0.500000 -0.800000 3.778228687298919e-02
-0.400000 -0.800000 3.903243607099250e-02
-0.300000 -0.800000 4.006348155211305e-02
-0.200000 -0.800000 4.083393312042292e-02
-0.100000 -0.800000 4.131059381832670e-02
0.000000 -0.800000 4.147196332542952e-02
0.100000 -0.800000 4.131059381832668e-02
0.200000 -0.800000 4.083393312042291e-02
0.300000 -0.800000 4.006348155211303e-02
0.400000 -0.800000 3.903243607099247e-02
0.500000 -0.800000 3.778228687298913e-02
0.600000 -0.800000 3.635898154558200e-02
0.700000 -0.800000 3.480925446331129e-02
0.800000 -0.800000 3.317757066034357e-02
0.900000 -0.800000 3.150392466264076e-02
1.000000 -0.800000 2.982253542502791e-02
1.100000 -0.800000 2.816133318649849e-02
1.200000 -0.800000 2.654205652827482e-02
1.300000 -0.800000 2.498075908543512e-02
1.400000 -0.800000 2.348854560024319e-02
1.500000 -0.800000 2.207239628130960e-02
1.600000 -0.800000 2.073598166271469e-02
1.700000 -0.800000 1.948040846111911e-02
1.800000 -0.800000 1.830486657122399e-02
1.900000 -0.800000 1.720716792756875e-02
2.000000 -0.800000 1.618418080992365e-02
2.100000 -0.800000 1.523217017404578e-02
2.200000 -0.800000 1.434705758285123e-02
2.300000 -0.800000 1.352461479147759e-02
2.400000 -0.800000 1.276060410013210e-02
2.500000 -0.800000 1.205087697083985e-02
-2.600000 -0.700000 1.217525528819946e-02
-2.500000 -0.700000 1.293157443521306e-02
-2.400000 -0.700000 1.375236089547918e-02
-2.300000 -0.700000 1.464389325697921e-02
-2.200000 -0.700000 1.561297442839695e-02
-2.100000 -0.700000 1.666691147772359e-02
-2.000000 -0.700000 1.781346075723143e-02
-1.900000 -0.700000 1.906072282102322e-02
-1.800000 -0.700000 2.041696656021142e-02
-1.700000 -0.700000 2.189035589960812e-02
-1.600000 -0.700000 2.348854560024323e-02
-1.500000 -0.700000 2.521810596510675e-02
-1.400000 -0.700000 2.708373115130088e-02
-1.300000 -0.700000 2.908718523646561e-02
-1.200000 -0.700000 3.122594885679398e-02
-1.100000 -0.700000 3.349155397889575e-02
-1.000000 -0.700000 3.586764395712823e-02
-0.900000 -0.700000 3.832787946321284e-02
-0.800000 -0.700000 4.083393312042291e-02
-0.700000 -0.700000 4.333396984208147e-02
-0.600000 -0.700000 4.576216642806017e-02
-0.500000 -0.700000 4.803992131814462e-02
-0.400000 -0.700000 5.007935194014134e-02
-0.300000 -0.700000 5.178937859175592e-02
-0.200000 -0.700000 5.308411305654982e-02
-0.100000 -0.700000 5.389250056502518e-02
0.000000 -0.700000 5.416746230260184e-02
0.100000 -0.700000 5.389250056502518e-02
0.200000 -0.700000 5.308411305654979e-02
0.300000 -0.700000 5.178937859175586e-02
0.400000 -0.700000 5.007935194014128e-02
0.500000 -0.700000 4.803992131814455e-02
0.600000 -0.700000 4.576216642806010e-02
0.700000 -0.700000 4.333396984208140e-02
0.800000 -0.700000 4.083393312042285e-02
0.900000 -0.700000 3.832787946321276e-02
1.000000 -0.700000 3.586764395712815e-02
1.100000 -0.700000 3.349155397889568e-02
1.200000 -0.700000 3.122594885679390e-02
1.300000 -0.700000 2.908718523646554e-02
1.400000 -0.700000 2.708373115130082e-02
1.500000 -0.700000 2.521810596510669e-02
1.600000 -0.700000 2.348854560024318e-02
1.700000 -0.700000 2.189035589960807e-02
1.800000 -0.700000 2.041696656021137e-02
1.900000 -0.700000 1.906072282102318e-02
2.000000 -0.700000 1.781346075723139e-02
2.100000 -0.700000 1.666691147772356e-02
2.200000 -0.700000 1.561297442839693e-02
2.300000 -0.700000 1.464389325697918e-02
2.400000 -0.700000 1.375236089547915e-02
2.500000 -0.700000 1.293157443521304e-02
2.600000 -0.700000 1.217525528819943e-02
-2.700000 -0.600000 1.216130883311560e-02
-2.600000 -0.600000 1.294734464793893e-02
-2.500000 -0.600000 1.380601119806232e-02
-2.400000 -0.600000 1.474558696015267e-02
-2.300000 -0.600000 1.577536792170866e-02
-2.200000 -0.600000 1.690576848934702e-02
-2.100000 -0.600000 1.814841472018791e-02
-2.000000 -0.600000 1.951621803549620e-02
-1.900000 -0.600000 2.102341111150482e-02
-1.800000 -0.600000 2.268551840023491e-02
-1.700000 -0.600000 2.451922081133935e-02
-1.600000 -0.600000 2.654205652827486e-02
-1.500000 -0.600000 2.877187699541990e-02
-1.400000 -0.600000 3.122594885679397e-02
-1.300000 -0.600000 3.391956105849824e-02
-1.200000 -0.600000 3.686396740038177e-02
-1.100000 -0.600000 4.006348155211304e-02
-1.000000 -0.600000 4.351156807913917e-02
-0.900000 -0.600000 4.718587827248872e-02
-0.800000 -0.600000 5.104241640052867e-02
-0.700000 -0.600000 5.500944358191692e-02
-0.600000 -0.600000 5.898234784061094e-02
-0.500000 -0.600000 6.282143556988147e-02
-0.400000 -0.600000 6.635514132068732e-02
-0.300000 -0.600000 6.939099745954230e-02
-0.200000 -0.600000 7.173528791425657e-02
-0.100000 -0.600000 7.321946628489634e-02
0.000000 -0.600000 7.372793480076367e-02
0.100000 -0.600000 7.321946628489631e-02
0.200000 -0.600000 7.173528791425650e-02
0.300000 -0.600000 6.939099745954219e-02
0.400000 -0.600000 6.635514132068721e-02
0.500000 -0.600000 6.282143556988135e-02
0.600000 -0.600000 5.898234784061080e-02
0.700000 -0.600000 5.500944358191680e-02
0.800000 -0.600000 5.104241640052853e-02
0.900000 -0.600000 4.718587827248859e-02
1.000000 -0.600000 4.351156807913906e-02
1.100000 -0.600000 4.006348155211294e-02
1.200000 -0.600000 3.686396740038168e-02
1.300000 -0.600000 3.391956105849814e-02
1.400000 -0.600000 3.122594885679388e-02
1.500000 -0.600000 2.877187699541982e-02
1.600000 -0.600000 2.654205652827479e-02
1.700000 -0.600000 2.451922081133928e-02
1.800000 -0.600000 2.268551840023485e-02
1.900000 -0.600000 2.102341111150477e-02
2.000000 -0.600000 1.951621803549615e-02
2.100000 -0.600000 1.814841472018787e-02
2.200000 -0.600000 1.690576848934698e-02
2.300000 -0.600000 1.577536792170862e-02
2.400000 -0.600000 1.474558696015264e-02
2.500000 -0.600000 1.380601119806229e-02
2.600000 -0.600000 1.294734464793890e-02
2.700000 -0.600000 1.216130883311558e-02
-2.800000 -0.500000 1.200998032953611e-02
-2.700000 -0.500000 1.280678240206263e-02
-2.600000 -0.500000 1.368147243725506e-02
-2.500000 -0.500000 1.464389325697920e-02
-2.400000 -0.500000 1.570535889247030e-02
-2.300000 -0.500000 1.687889127394265e-02
-2.200000 -0.500000 1.817949077279097e-02
-2.100000 -0.500000 1.962444105602575e-02
-2.000000 -0.500000 2.123364522261987e-02
-1.900000 -0.500000 2.302998397247274e-02
-1.800000 -0.500000 2.503967597007060e-02
-1.700000 -0.500000 2.729260311390730e-02
-1.600000 -0.500000 2.982253542502792e-02
-1.500000 -0.500000 3.266714649633829e-02
-1.400000 -0.500000 3.586764395712820e-02
-1.300000 -0.500000 3.946774204947937e-02
-1.200000 -0.500000 4.351156807913916e-02
-1.100000 -0.500000 4.803992131814461e-02
-1.000000 -0.500000 5.308411305654981e-02
-0.900000 -0.500000 5.865647851552468e-02
-0.800000 -0.500000 6.473672323969491e-02
-0.700000 -0.500000 7.125384302892598e-02
-0.600000 -0.500000 7.806487214198511e-02
-0.500000 -0.500000 8.493458089047984e-02
-0.400000 -0.500000 9.152433285612052e-02
-0.300000 -0.500000 9.740204230559615e-02
-0.200000 -0.500000 1.020848328010575e-01
-0.100000 -0.500000 1.051170555575246e-01
0.000000 -0.500000 1.061682261130998e-01
0.100000 -0.500000 1.051170555575245e-01
0.200000 -0.500000 1.020848328010574e-01
0.300000 -0.500000 9.740204230559601e-02
0.400000 -0.500000 9.152433285612034e-02
0.500000 -0.500000 8.493458089047963e-02
0.600000 -0.500000 7.806487214198490e-02
0.700000 -0.500000 7.125384302892580e-02
0.800000 -0.500000 6.473672323969475e-02
0.900000 -0.500000 5.865647851552449e-02
1.000000 -0.500000 5.308411305654964e-02
1.100000 -0.500000 4.803992131814445e-02
1.200000 -0.500000 4.351156807913901e-02
1.300000 -0.500000 3.946774204947924e-02
1.400000 -0.500000 3.586764395712810e-02
1.500000 -0.500000 3.266714649633818e-02
1.600000 -0.500000 2.982253542502784e-02
1.700000 -0.500000 2.729260311390721e-02
1.800000 -0.500000 2.503967597007053e-02
1.900000 -0.500000 2.302998397247267e-02
2.000000 -0.500000 2.123364522261981e-02
2.100000 -0.500000 1.962444105602569e-02
2.200000 -0.500000 1.817949077279093e-02
2.300000 -0.500000 1.687889127394261e-02
2.400000 -0.500000 1.570535889247027e-02
2.500000 -0.500000 1.464389325697917e-02
2.600000 -0.500000 1.368147243725503e-02
2.700000 -0.500000 1.280678240206260e-02
2.800000 -0.500000 1.200998032953608e-02
-2.800000 -0.400000 1.251983798503528e-02
-2.700000 -0.400000 1.338817479358123e-02
-2.600000 -0.400000 1.434705758285124e-02
-2.500000 -0.400000 1.540903136619727e-02
-2.400000 -0.400000 1.658878533017176e-02
-2.300000 -0.400000 1.790357944571656e-02
-2.200000 -0.400000 1.937376388925169e-02
-2.100000 -0.400000 2.102341111150480e-02
-2.000000 -0.400000 2.288108321403002e-02
-1.900000 -0.400000 2.498075908543513e-02
-1.800000 -0.400000 2.736294487451013e-02
-1.700000 -0.400000 3.007598473458905e-02
-1.600000 -0.400000 3.317757066034355e-02
-1.500000 -0.400000 3.673641041975758e-02
-1.400000 -0.400000 4.083393312042286e-02
-1.300000 -0.400000 4.556576228030021e-02
-1.200000 -0.400000 5.104241640052862e-02
-1.100000 -0.400000 5.738823033140520e-02
-1.000000 -0.400000 6.473672323969490e-02
-0.900000 -0.400000 7.321946628489634e-02
-0.800000 -0.400000 8.294392665085915e-02
-0.700000 -0.400000 9.395418240097325e-02
-0.600000 -0.400000 1.061682261130998e-01
-0.500000 -0.400000 1.192901417001122e-01
-0.400000 -0.400000 1.327102826413749e-01
-0.300000 -0.400000 1.454359261823287e-01
-0.200000 -0.400000 1.561297442839706e-01
-0.100000 -0.400000 1.633357324816923e-01
0.000000 -0.400000 1.658878533017187e-01
0.100000 -0.400000 1.633357324816921e-01
0.200000 -0.400000 1.561297442839703e-01
0.300000 -0.400000 1.454359261823284e-01
0.400000 -0.400000 1.327102826413745e-01
0.500000 -0.400000 1.192901417001118e-01
0.600000 -0.400000 1.061682261130994e-01
0.700000 -0.400000 9.395418240097289e-02
0.800000 -0.400000 8.294392665085885e-02
0.900000 -0.400000 7.321946628489605e-02
1.000000 -0.400000 6.473672323969465e-02
1.100000 -0.400000 5.738823033140495e-02
1.200000 -0.400000 5.104241640052843e-02
1.300000 -0.400000 4.556576228030004e-02
1.400000 -0.400000 4.083393312042272e-02
1.500000 -0.400000 3.673641041975746e-02
1.600000 -0.400000 3.317757066034345e-02
1.700000 -0.400000 3.007598473458896e-02
1.800000 -0.400000 2.736294487451005e-02
1.900000 -0.400000 2.498075908543506e-02
2.000000 -0.400000 2.288108321402996e-02
2.100000 -0.400000 2.102341111150475e-02
2.200000 -0.400000 1.937376388925164e-02
2.300000 -0.400000 1.790357944571653e-02
2.400000 -0.400000 1.658878533017171e-02
2.500000 -0.400000 1.540903136619724e-02
2.600000 -0.400000 1.434705758285121e-02
2.700000 -0.400000 1.338817479358120e-02
2.800000 -0.400000 1.251983798503526e-02
-2.900000 -0.300000 1.210584106192693e-02
-2.800000 -0.300000 1.294734464793892e-02
-2.700000 -0.300000 1.387819949190839e-02
-2.600000 -0.300000 1.491126771251393e-02
-2.500000 -0.300000 1.606175886733724e-02
-2.400000 -0.300000 1.734774936488549e-02
-2.300000 -0.300000 1.879083648019456e-02
-2.200000 -0.300000 2.041696656021139e-02
-2.100000 -0.300000 2.225748975117385e-02
-2.000000 -0.300000 2.435051057639891e-02
-1.900000 -0.300000 2.674262622496204e-02
-1.800000 -0.300000 2.949117392030537e-02
-1.700000 -0.300000 3.266714649633825e-02
-1.600000 -0.300000 3.635898154558198e-02
-1.500000 -0.300000 4.067748126938674e-02
-1.400000 -0.300000 4.576216642806010e-02
-1.300000 -0.300000 5.178937859175585e-02
-1.200000 -0.300000 5.898234784061085e-02
-1.100000 -0.300000 6.762307395738827e-02
-1.000000 -0.300000 7.806487214198503e-02
-0.900000 -0.300000 9.074207360093990e-02
-0.800000 -0.300000 1.061682261130997e-01
-0.700000 -0.300000 1.249037954271763e-01
-0.600000 -0.300000 1.474558696015277e-01
-0.500000 -0.300000 1.740462723165574e-01
-0.400000 -0.300000 2.041696656021156e-01
-0.300000 -0.300000 2.359293913624448e-01
-0.200000 -0.300000 2.654205652827506e-01
-0.100000 -0.300000 2.869411516570278e-01
0.000000 -0.300000 2.949117392030561e-01
0.100000 -0.300000 2.869411516570272e-01
0.200000 -0.300000 2.654205652827498e-01
0.300000 -0.300000 2.359293913624439e-01
0.400000 -0.300000 2.041696656021146e-01
0.500000 -0.300000 1.740462723165565e-01
0.600000 -0.300000 1.474558696015269e-01
0.700000 -0.300000 1.249037954271756e-01
0.800000 -0.300000 1.061682261130992e-01
0.900000 -0.300000 9.074207360093950e-02
1.000000 -0.300000 7.806487214198465e-02
1.100000 -0.300000 6.762307395738797e-02
1.200000 -0.300000 5.898234784061058e-02
1.300000 -0.300000 5.178937859175563e-02
1.400000 -0.300000 4.576216642805992e-02
1.500000 -0.300000 4.067748126938658e-02
1.600000 -0.300000 3.635898154558184e-02
1.700000 -0.300000 3.266714649633815e-02
1.800000 -0.300000 2.949117392030527e-02
1.900000 -0.300000 2.674262622496195e-02
2.000000 -0.300000 2.435051057639885e-02
2.100000 -0.300000 2.225748975117378e-02
2.200000 -0.300000 2.041696656021134e-02
2.300000 -0.300000 1.879083648019451e-02
2.400000 -0.300000 1.734774936488545e-02
2.500000 -0.300000 1.606175886733721e-02
2.600000 -0.300000 1.491126771251389e-02
2.700000 -0.300000 1.387819949190836e-02
2.800000 -0.300000 1.294734464793889e-02
2.900000 -0.300000 1.210584106192690e-02
-2.900000 -0.200000 1.238835777282370e-02
-2.800000 -0.200000 1.327102826413739e-02
-2.700000 -0.200000 1.425076860578512e-02
-2.600000 -0.200000 1.534222920709525e-02
-2.500000 -0.200000 1.656290578987506e-02
-2.400000 -0.200000 1.793382197856405e-02
-2.300000 -0.200000 1.948040846111912e-02
-2.200000 -0.200000 2.123364522261984e-02
-2.100000 -0.200000 2.323155932452937e-02
-2.000000 -0.200000 2.552120820026425e-02
-1.900000 -0.200000 2.816133318649848e-02
-1.800000 -0.200000 3.122594885679391e-02
-1.700000 -0.200000 3.480925446331125e-02
-1.600000 -0.200000 3.903243607099240e-02
-1.500000 -0.200000 4.405320585605783e-02
-1.400000 -0.200000 5.007935194014123e-02
-1.300000 -0.200000 5.738823033140510e-02
-1.200000 -0.200000 6.635514132068718e-02
-1.100000 -0.200000 7.749505555700698e-02
-1.000000 -0.200000 9.152433285612037e-02
-0.900000 -0.200000 1.094517794980409e-01
-0.800000 -0.200000 1.327102826413747e-01
-0.700000 -0.200000 1.633357324816921e-01
-0.600000 -0.200000 2.041696656021154e-01
-0.500000 -0.200000 2.589468929587808e-01
-0.400000 -0.200000 3.317757066034386e-01
-0.300000 -0.200000 4.246729044524022e-01
-0.200000 -0.200000 5.308411305655037e-01
-0.100000 -0.200000 6.245189771358874e-01
0.000000 -0.200000 6.635514132068797e-01
0.100000 -0.200000 6.245189771358852e-01
0.200000 -0.200000 5.308411305655004e-01
0.300000 -0.200000 4.246729044523991e-01
0.400000 -0.200000 3.317757066034360e-01
0.500000 -0.200000 2.589468929587789e-01
0.600000 -0.200000 2.041696656021139e-01
0.700000 -0.200000 1.633357324816910e-01
0.800000 -0.200000 1.327102826413739e-01
0.900000 -0.200000 1.094517794980403e-01
1.000000 -0.200000 9.152433285611987e-02
1.100000 -0.200000 7.749505555700657e-02
1.200000 -0.200000 6.635514132068686e-02
1.300000 -0.200000 5.738823033140484e-02
1.400000 -0.200000 5.007935194014103e-02
1.500000 -0.200000 4.405320585605765e-02
1.600000 -0.200000 3.903243607099226e-02
1.700000 -0.200000 3.480925446331112e-02
1.800000 -0.200000 3.122594885679380e-02
1.900000 -0.200000 2.816133318649838e-02
2.000000 -0.200000 2.552120820026417e-02
2.100000 -0.200000 2.323155932452930e-02
2.200000 -0.200000 2.123364522261978e-02
2.300000 -0.200000 1.948040846111907e-02
2.400000 -0.200000 1.793382197856400e-02
2.500000 -0.200000 1.656290578987503e-02
2.600000 -0.200000 1.534222920709522e-02
2.700000 -0.200000 1.425076860578509e-02
2.800000 -0.200000 1.327102826413736e-02
2.900000 -0.200000 1.238835777282368e-02
-2.900000 -0.100000 1.256428711397623e-02
-2.800000 -0.100000 1.347312514125623e-02
-2.700000 -0.100000 1.448406904680752e-02
-2.600000 -0.100000 1.561297442839693e-02
-2.500000 -0.100000 1.687889127394263e-02
-2.400000 -0.100000 1.830486657122399e-02
-2.300000 -0.100000 1.991899176605988e-02
-2.200000 -0.100000 2.175578403956950e-02
-2.100000 -0.100000 2.385802834002229e-02
-2.000000 -0.100000 2.627926388938099e-02
-1.900000 -0.100000 2.908718523646554e-02
-1.800000 -0.100000 3.236836161984733e-02
-1.700000 -0.100000 3.623488945839565e-02
-1.600000 -0.100000 4.083393312042281e-02
-1.500000 -0.100000 4.636167079174644e-02
-1.400000 -0.100000 5.308411305654969e-02
-1.300000 -0.100000 6.136891682838114e-02
-1.200000 -0.100000 7.173528791425639e-02
-1.100000 -0.100000 8.493458089047963e-02
-1.000000 -0.100000 1.020848328010573e-01
-0.900000 -0.100000 1.249037954271760e-01
-0.800000 -0.100000 1.561297442839701e-01
-0.700000 -0.100000 2.003174077605657e-01
-0.600000 -0.100000 2.654205652827498e-01
-0.500000 -0.100000 3.660973314244831e-01
-0.400000 -0.100000 5.308411305655020e-01
-0.300000 -0.100000 8.166786624084679e-01
-0.200000 -0.100000 1.327102826413769e+00
-0.100000 -0.100000 2.123364522262047e+00
0.000000 -0.100000 2.654205652827559e+00
0.100000 -0.100000 2.123364522262021e+00
0.200000 -0.100000 1.327102826413749e+00
0.300000 -0.100000 8.166786624084565e-01
0.400000 -0.100000 5.308411305654954e-01
0.500000 -0.100000 3.660973314244792e-01
0.600000 -0.100000 2.654205652827473e-01
0.700000 -0.100000 2.003174077605639e-01
0.800000 -0.100000 1.561297442839690e-01
0.900000 -0.100000 1.249037954271752e-01
1.000000 -0.100000 1.020848328010566e-01
1.100000 -0.100000 8.493458089047912e-02
1.200000 -0.100000 7.173528791425600e-02
1.300000 -0.100000 6.136891682838086e-02
1.400000 -0.100000 5.308411305654944e-02
1.500000 -0.100000 4.636167079174624e-02
1.600000 -0.100000 4.083393312042264e-02
1.700000 -0.100000 3.623488945839553e-02
1.800000 -0.100000 3.236836161984722e-02
1.900000 -0.100000 2.908718523646545e-02
2.000000 -0.100000 2.627926388938091e-02
2.100000 -0.100000 2.385802834002222e-02
2.200000 -0.100000 2.175578403956944e-02
2.300000 -0.100000 1.991899176605983e-02
2.400000 -0.100000 1.830486657122394e-02
2.500000 -0.100000 1.687889127394258e-02
2.600000 -0.100000 1.561297442839689e-02
2.700000 -0.100000 1.448406904680749e-02
2.800000 -0.100000 1.347312514125620e-02
2.900000 -0.100000 1.256428711397620e-02
-3.000000 0.000000 1.179646956812212e-02
-2.900000 0.000000 1.262404591118895e-02
-2.800000 0.000000 1.354186557565039e-02
-2.700000 0.000000 1.456354267669398e-02
-2.600000 0.000000 1.570535889247028e-02
-2.500000 0.000000 1.698691617809586e-02
-2.400000 0.000000 1.843198370019082e-02
-2.300000 0.000000 2.006960796088831e-02
-2.200000 0.000000 2.193558390766512e-02
-2.100000 0.000000 2.407442769004516e-02
-2.000000 0.000000 2.654205652827480e-02
-1.900000 0.000000 2.940948091775602e-02
-1.800000 0.000000 3.276797102256149e-02
-1.700000 0.000000 3.673641041975752e-02
-1.600000 0.000000 4.147196332542940e-02
-1.500000 0.000000 4.718587827248857e-02
-1.400000 0.000000 5.416746230260169e-02
-1.300000 0.000000 6.282143556988126e-02
-1.200000 0.000000 7.372793480076345e-02
-1.100000 0.000000 8.774233563066067e-02
-1.000000 0.000000 1.061682261130994e-01
-0.900000 0.000000 1.310718840902463e-01
-0.800000 0.000000 1.658878533017180e-01
-0.700000 0.000000 2.166698492104073e-01
-0.600000 0.000000 2.949117392030546e-01
-0.500000 0.000000 4.246729044523990e-01
-0.400000 0.000000 6.635514132068744e-01
-0.300000 0.000000 1.179646956812224e+00
-0.200000 0.000000 2.654205652827518e+00
0.200000 0.000000 2.654205652827436e+00
0.300000 0.000000 1.179646956812200e+00
0.400000 0.000000 6.635514132068641e-01
0.500000 0.000000 4.246729044523937e-01
0.600000 0.000000 2.949117392030515e-01
0.700000 0.000000 2.166698492104054e-01
0.800000 0.000000 1.658878533017167e-01
0.900000 0.000000 1.310718840902454e-01
1.000000 0.000000 1.061682261130987e-01
1.100000 0.000000 8.774233563066014e-02
1.200000 0.000000 7.372793480076303e-02
1.300000 0.000000 6.282143556988094e-02
1.400000 0.000000 5.416746230260143e-02
1.500000 0.000000 4.718587827248836e-02
1.600000 0.000000 4.147196332542923e-02
1.700000 0.000000 3.673641041975738e-02
1.800000 0.000000 3.276797102256136e-02
1.900000 0.000000 2.940948091775590e-02
2.000000 0.000000 2.654205652827471e-02
2.100000 0.000000 2.407442769004509e-02
2.200000 0.000000 2.193558390766506e-02
2.300000 0.000000 2.006960796088825e-02
2.400000 0.000000 1.843198370019078e-02
2.500000 0.000000 1.698691617809582e-02
2.600000 0.000000 1.570535889247025e-02
2.700000 0.000000 1.456354267669394e-02
2.800000 0.000000 1.354186557565036e-02
2.900000 0.000000 1.262404591118893e-02
-2.900000 0.100000 1.256428711397622e-02
-2.800000 0.100000 1.347312514125623e-02
-2.700000 0.100000 1.448406904680752e-02
-2.600000 0.100000 1.561297442839693e-02
-2.500000 0.100000 1.687889127394262e-02
-2.400000 0.100000 1.830486657122398e-02
-2.300000 0.100000 1.991899176605987e-02
-2.200000 0.100000 2.175578403956949e-02
-2.100000 0.100000 2.385802834002228e-02
-2.000000 0.100000 2.627926388938098e-02
-1.900000 0.100000 2.908718523646552e-02
-1.800000 0.100000 3.236836161984731e-02
-1.700000 0.100000 3.623488945839563e-02
-1.600000 0.100000 4.083393312042276e-02
-1.500000 0.100000 4.636167079174638e-02
-1.400000 0.100000 5.308411305654961e-02
-1.300000 0.100000 6.136891682838107e-02
-1.200000 0.100000 7.173528791425625e-02
-1.100000 0.100000 8.493458089047946e-02
-1.000000 0.100000 1.020848328010570e-01
-0.900000 0.100000 1.249037954271756e-01
-0.800000 0.100000 1.561297442839696e-01
-0.700000 0.100000 2.003174077605648e-01
-0.600000 0.100000 2.654205652827482e-01
-0.500000 0.100000 3.660973314244801e-01
-0.400000 0.100000 5.308411305654954e-01
-0.300000 0.100000 8.166786624084525e-01
-0.200000 0.100000 1.327102826413729e+00
-0.100000 0.100000 2.123364522261943e+00
0.000000 0.100000 2.654205652827397e+00
0.100000 0.100000 2.123364522261918e+00
0.200000 0.100000 1.327102826413708e+00
0.300000 0.100000 8.166786624084413e-01
0.400000 0.100000 5.308411305654889e-01
0.500000 0.100000 3.660973314244762e-01
0.600000 0.100000 2.654205652827457e-01
0.700000 0.100000 2.003174077605630e-01
0.800000 0.100000 1.561297442839684e-01
0.900000 0.100000 1.249037954271748e-01
1.000000 0.100000 1.020848328010564e-01
1.100000 0.100000 8.493458089047895e-02
1.200000 0.100000 7.173528791425589e-02
1.300000 0.100000 6.136891682838075e-02
1.400000 0.100000 5.308411305654936e-02
1.500000 0.100000 4.636167079174618e-02
1.600000 0.100000 4.083393312042260e-02
1.700000 0.100000 3.623488945839548e-02
1.800000 0.100000 3.236836161984719e-02
1.900000 0.100000 2.908718523646542e-02
2.000000 0.100000 2.627926388938090e-02
2.100000 0.100000 2.385802834002221e-02
2.200000 0.100000 2.175578403956943e-02
2.300000 0.100000 1.991899176605982e-02
2.400000 0.100000 1.830486657122394e-02
2.500000 0.100000 1.687889127394258e-02
2.600000 0.100000 1.561297442839689e-02
2.700000 0.100000 1.448406904680748e-02
2.800000 0.100000 1.347312514125620e-02
2.900000 0.100000 1.256428711397620e-02
-2.900000 0.200000 1.238835777282370e-02
-2.800000 0.200000 1.327102826413738e-02
-2.700000 0.200000 1.425076860578511e-02
-2.600000 0.200000 1.534222920709524e-02
-2.500000 0.200000 1.656290578987505e-02
-2.400000 0.200000 1.793382197856404e-02
-2.300000 0.200000 1.948040846111910e-02
-2.200000 0.200000 2.123364522261981e-02
-2.100000 0.200000 2.323155932452935e-02
-2.000000 0.200000 2.552120820026421e-02
-1.900000 0.200000 2.816133318649844e-02
-1.800000 0.200000 3.122594885679386e-02
-1.700000 0.200000 3.480925446331119e-02
-1.600000 0.200000 3.903243607099233e-02
-1.500000 0.200000 4.405320585605774e-02
-1.400000 0.200000 5.007935194014113e-02
-1.300000 0.200000 5.738823033140495e-02
-1.200000 0.200000 6.635514132068701e-02
-1.100000 0.200000 7.749505555700673e-02
-1.000000 0.200000 9.152433285611999e-02
-0.900000 0.200000 1.094517794980404e-01
-0.800000 0.200000 1.327102826413739e-01
-0.700000 0.200000 1.633357324816909e-01
-0.600000 0.200000 2.041696656021134e-01
-0.500000 0.200000 2.589468929587778e-01
-0.400000 0.200000 3.317757066034335e-01
-0.300000 0.200000 4.246729044523939e-01
-0.200000 0.200000 5.308411305654908e-01
-0.100000 0.200000 6.245189771358693e-01
0.000000 0.200000 6.635514132068595e-01
0.100000 0.200000 6.245189771358672e-01
0.200000 0.200000 5.308411305654875e-01
0.300000 0.200000 4.246729044523909e-01
0.400000 0.200000 3.317757066034309e-01
0.500000 0.200000 2.589468929587758e-01
0.600000 0.200000 2.041696656021120e-01
0.700000 0.200000 1.633357324816898e-01
0.800000 0.200000 1.327102826413731e-01
0.900000 0.200000 1.094517794980397e-01
1.000000 0.200000 9.152433285611945e-02
1.100000 0.200000 7.749505555700631e-02
1.200000 0.200000 6.635514132068666e-02
1.300000 0.200000 5.738823033140469e-02
1.400000 0.200000 5.007935194014090e-02
1.500000 0.200000 4.405320585605756e-02
1.600000 0.200000 3.903243607099218e-02
1.700000 0.200000 3.480925446331107e-02
1.800000 0.200000 3.122594885679375e-02
1.900000 0.200000 2.816133318649835e-02
2.000000 0.200000 2.552120820026413e-02
2.100000 0.200000 2.323155932452928e-02
2.200000 0.200000 2.123364522261977e-02
2.300000 0.200000 1.948040846111905e-02
2.400000 0.200000 1.793382197856399e-02
2.500000 0.200000 1.656290578987501e-02
2.600000 0.200000 1.534222920709521e-02
2.700000 0.200000 1.425076860578508e-02
2.800000 0.200000 1.327102826413736e-02
2.900000 0.200000 1.238835777282367e-02
-2.900000 0.300000 1.210584106192692e-02
-2.800000 0.300000 1.294734464793891e-02
-2.700000 0.300000 1.387819949190838e-02
-2.600000 0.300000 1.491126771251391e-02
-2.500000 0.300000 1.606175886733723e-02
-2.400000 0.300000 1.734774936488547e-02
-2.300000 0.300000 1.879083648019452e-02
-2.200000 0.300000 2.041696656021136e-02
-2.100000 0.300000 2.225748975117381e-02
-2.000000 0.300000 2.435051057639887e-02
-1.900000 0.300000 2.674262622496200e-02
-1.800000 0.300000 2.949117392030530e-02
-1.700000 0.300000 3.266714649633818e-02
-1.600000 0.300000 3.635898154558189e-02
-1.500000 0.300000 4.067748126938663e-02
-1.400000 0.300000 4.576216642805996e-02
-1.300000 0.300000 5.178937859175566e-02
-1.200000 0.300000 5.898234784061060e-02
-1.100000 0.300000 6.762307395738797e-02
-1.000000 0.300000 7.806487214198461e-02
-0.900000 0.300000 9.074207360093935e-02
-0.800000 0.300000 1.061682261130990e-01
-0.700000 0.300000 1.249037954271752e-01
-0.600000 0.300000 1.474558696015262e-01
-0.500000 0.300000 1.740462723165553e-01
-0.400000 0.300000 2.041696656021127e-01
-0.300000 0.300000 2.359293913624410e-01
-0.200000 0.300000 2.654205652827457e-01
-0.100000 0.300000 2.869411516570220e-01
0.000000 0.300000 2.949117392030501e-01
0.100000 0.300000 2.869411516570216e-01
0.200000 0.300000 2.654205652827449e-01
0.300000 0.300000 2.359293913624401e-01
0.400000 0.300000 2.041696656021117e-01
0.500000 0.300000 1.740462723165544e-01
0.600000 0.300000 1.474558696015254e-01
0.700000 0.300000 1.249037954271746e-01
0.800000 0.300000 1.061682261130985e-01
0.900000 0.300000 9.074207360093893e-02
1.000000 0.300000 7.806487214198422e-02
1.100000 0.300000 6.762307395738765e-02
1.200000 0.300000 5.898234784061034e-02
1.300000 0.300000 5.178937859175545e-02
1.400000 0.300000 4.576216642805978e-02
1.500000 0.300000 4.067748126938647e-02
1.600000 0.300000 3.635898154558176e-02
1.700000 0.300000 3.266714649633807e-02
1.800000 0.300000 2.949117392030521e-02
1.900000 0.300000 2.674262622496191e-02
2.000000 0.300000 2.435051057639880e-02
2.100000 0.300000 2.225748975117375e-02
2.200000 0.300000 2.041696656021131e-02
2.300000 0.300000 1.879083648019448e-02
2.400000 0.300000 1.734774936488543e-02
2.500000 0.300000 1.606175886733719e-02
2.600000 0.300000 1.491126771251388e-02
2.700000 0.300000 1.387819949190834e-02
2.800000 0.300000 1.294734464793888e-02
2.900000 0.300000 1.210584106192689e-02
-2.800000 0.400000 1.251983798503526e-02
-2.700000 0.400000 1.338817479358122e-02
-2.600000 0.400000 1.434705758285122e-02
-2.500000 0.400000 1.540903136619725e-02
-2.400000 0.400000 1.658878533017173e-02
-2.300000 0.400000 1.790357944571654e-02
-2.200000 0.400000 1.937376388925165e-02
-2.100000 0.400000 2.102341111150476e-02
-2.000000 0.400000 2.288108321402997e-02
-1.900000 0.400000 2.498075908543508e-02
-1.800000 0.400000 2.736294487451007e-02
-1.700000 0.400000 3.007598473458897e-02
-1.600000 0.400000 3.317757066034346e-02
-1.500000 0.400000 3.673641041975746e-02
-1.400000 0.400000 4.083393312042272e-02
-1.300000 0.400000 4.556576228030002e-02
-1.200000 0.400000 5.104241640052838e-02
-1.100000 0.400000 5.738823033140489e-02
-1.000000 0.400000 6.473672323969451e-02
-0.900000 0.400000 7.321946628489584e-02
-0.800000 0.400000 8.294392665085853e-02
-0.700000 0.400000 9.395418240097243e-02
-0.600000 0.400000 1.061682261130988e-01
-0.500000 0.400000 1.192901417001109e-01
-0.400000 0.400000 1.327102826413733e-01
-0.300000 0.400000 1.454359261823268e-01
-0.200000 0.400000 1.561297442839683e-01
-0.100000 0.400000 1.633357324816898e-01
0.000000 0.400000 1.658878533017161e-01
0.100000 0.400000 1.633357324816896e-01
0.200000 0.400000 1.561297442839680e-01
0.300000 0.400000 1.454359261823264e-01
0.400000 0.400000 1.327102826413729e-01
0.500000 0.400000 1.192901417001105e-01
0.600000 0.400000 1.061682261130984e-01
0.700000 0.400000 9.395418240097207e-02
0.800000 0.400000 8.294392665085820e-02
0.900000 0.400000 7.321946628489556e-02
1.000000 0.400000 6.473672323969426e-02
1.100000 0.400000 5.738823033140466e-02
1.200000 0.400000 5.104241640052820e-02
1.300000 0.400000 4.556576228029986e-02
1.400000 0.400000 4.083393312042258e-02
1.500000 0.400000 3.673641041975734e-02
1.600000 0.400000 3.317757066034335e-02
1.700000 0.400000 3.007598473458887e-02
1.800000 0.400000 2.736294487450999e-02
1.900000 0.400000 2.498075908543500e-02
2.000000 0.400000 2.288108321402990e-02
2.100000 0.400000 2.102341111150471e-02
2.200000 0.400000 1.937376388925160e-02
2.300000 0.400000 1.790357944571649e-02
2.400000 0.400000 1.658878533017169e-02
2.500000 0.400000 1.540903136619722e-02
2.600000 0.400000 1.434705758285119e-02
2.700000 0.400000 1.338817479358119e-02
2.800000 0.400000 1.251983798503524e-02
-2.800000 0.500000 1.200998032953609e-02
-2.700000 0.500000 1.280678240206261e-02
-2.600000 0.500000 1.368147243725503e-02
-2.500000 0.500000 1.464389325697917e-02
-2.400000 0.500000 1.570535889247027e-02
-2.300000 0.500000 1.687889127394262e-02
-2.200000 0.500000 1.817949077279093e-02
-2.100000 0.500000 1.962444105602570e-02
-2.000000 0.500000 2.123364522261981e-02
-1.900000 0.500000 2.302998397247267e-02
-1.800000 0.500000 2.503967597007053e-02
-1.700000 0.500000 2.729260311390721e-02
-1.600000 0.500000 2.982253542502782e-02
-1.500000 0.500000 3.266714649633816e-02
-1.400000 0.500000 3.586764395712805e-02
-1.300000 0.500000 3.946774204947918e-02
-1.200000 0.500000 4.351156807913894e-02
-1.100000 0.500000 4.803992131814435e-02
-1.000000 0.500000 5.308411305654947e-02
-0.900000 0.500000 5.865647851552427e-02
-0.800000 0.500000 6.473672323969445e-02
-0.700000 0.500000 7.125384302892537e-02
-0.600000 0.500000 7.806487214198440e-02
-0.500000 0.500000 8.493458089047899e-02
-0.400000 0.500000 9.152433285611954e-02
-0.300000 0.500000 9.740204230559507e-02
-0.200000 0.500000 1.020848328010563e-01
-0.100000 0.500000 1.051170555575233e-01
0.000000 0.500000 1.061682261130985e-01
0.100000 0.500000 1.051170555575232e-01
0.200000 0.500000 1.020848328010562e-01
0.300000 0.500000 9.740204230559492e-02
0.400000 0.500000 9.152433285611934e-02
0.500000 0.500000 8.493458089047876e-02
0.600000 0.500000 7.806487214198420e-02
0.700000 0.500000 7.125384302892521e-02
0.800000 0.500000 6.473672323969425e-02
0.900000 0.500000 5.865647851552408e-02
1.000000 0.500000 5.308411305654930e-02
1.100000 0.500000 4.803992131814418e-02
1.200000 0.500000 4.351156807913879e-02
1.300000 0.500000 3.946774204947906e-02
1.400000 0.500000 3.586764395712793e-02
1.500000 0.500000 3.266714649633806e-02
1.600000 0.500000 2.982253542502773e-02
1.700000 0.500000 2.729260311390713e-02
1.800000 0.500000 2.503967597007045e-02
1.900000 0.500000 2.302998397247262e-02
2.000000 0.500000 2.123364522261976e-02
2.100000 0.500000 1.962444105602565e-02
2.200000 0.500000 1.817949077279089e-02
2.300000 0.500000 1.687889127394257e-02
2.400000 0.500000 1.570535889247024e-02
2.500000 0.500000 1.464389325697915e-02
2.600000 0.500000 1.368147243725500e-02
2.700000 0.500000 1.280678240206258e-02
2.800000 0.500000 1.200998032953607e-02
-2.700000 0.600000 1.216130883311558e-02
-2.600000 0.600000 1.294734464793891e-02
-2.500000 0.600000 1.380601119806229e-02
-2.400000 0.600000 1.474558696015264e-02
-2.300000 0.600000 1.577536792170862e-02
-2.200000 0.600000 1.690576848934698e-02
-2.100000 0.600000 1.814841472018787e-02
-2.000000 0.600000 1.951621803549615e-02
-1.900000 0.600000 2.102341111150475e-02
-1.800000 0.600000 2.268551840023484e-02
-1.700000 0.600000 2.451922081133926e-02
-1.600000 0.600000 2.654205652827476e-02
-1.500000 0.600000 2.877187699541979e-02
-1.400000 0.600000 3.122594885679382e-02
-1.300000 0.600000 3.391956105849808e-02
-1.200000 0.600000 3.686396740038159e-02
-1.100000 0.600000 4.006348155211281e-02
-1.000000 0.600000 4.351156807913891e-02
-0.900000 0.600000 4.718587827248840e-02
-0.800000 0.600000 5.104241640052828e-02
-0.700000 0.600000 5.500944358191649e-02
-0.600000 0.600000 5.898234784061044e-02
-0.500000 0.600000 6.282143556988092e-02
-0.400000 0.600000 6.635514132068669e-02
-0.300000 0.600000 6.939099745954161e-02
-0.200000 0.600000 7.173528791425585e-02
-0.100000 0.600000 7.321946628489559e-02
0.000000 0.600000 7.372793480076291e-02
0.100000 0.600000 7.321946628489556e-02
0.200000 0.600000 7.173528791425579e-02
0.300000 0.600000 6.939099745954153e-02
0.400000 0.600000 6.635514132068661e-02
0.500000 0.600000 6.282143556988082e-02
0.600000 0.600000 5.898234784061031e-02
0.700000 0.600000 5.500944358191637e-02
0.800000 0.600000 5.104241640052820e-02
0.900000 0.600000 4.718587827248829e-02
1.000000 0.600000 4.351156807913879e-02
1.100000 0.600000 4.006348155211271e-02
1.200000 0.600000 3.686396740038149e-02
1.300000 0.600000 3.391956105849799e-02
1.400000 0.600000 3.122594885679374e-02
1.500000 0.600000 2.877187699541970e-02
1.600000 0.600000 2.654205652827469e-02
1.700000 0.600000 2.451922081133920e-02
1.800000 0.600000 2.268551840023478e-02
1.900000 0.600000 2.102341111150470e-02
2.000000 0.600000 1.951621803549610e-02
2.100000 0.600000 1.814841472018783e-02
2.200000 0.600000 1.690576848934694e-02
2.300000 0.600000 1.577536792170859e-02
2.400000 0.600000 1.474558696015261e-02
2.500000 0.600000 1.380601119806226e-02
2.600000 0.600000 1.294734464793888e-02
2.700000 0.600000 1.216130883311556e-02
-2.600000 0.700000 1.217525528819943e-02
-2.500000 0.700000 1.293157443521303e-02
-2.400000 0.700000 1.375236089547915e-02
-2.300000 0.700000 1.464389325697917e-02
-2.200000 0.700000 1.561297442839691e-02
-2.100000 0.700000 1.666691147772355e-02
-2.000000 0.700000 1.781346075723137e-02
-1.900000 0.700000 1.906072282102316e-02
-1.800000 0.700000 2.041696656021134e-02
-1.700000 0.700000 2.189035589960804e-02
-1.600000 0.700000 2.348854560024313e-02
-1.500000 0.700000 2.521810596510664e-02
-1.400000 0.700000 2.708373115130076e-02
-1.300000 0.700000 2.908718523646547e-02
-1.200000 0.700000 3.122594885679381e-02
-1.100000 0.700000 3.349155397889558e-02
-1.000000 0.700000 3.586764395712801e-02
-0.900000 0.700000 3.832787946321260e-02
-0.800000 0.700000 4.083393312042265e-02
-0.700000 0.700000 4.333396984208116e-02
-0.600000 0.700000 4.576216642805984e-02
-0.500000 0.700000 4.803992131814425e-02
-0.400000 0.700000 5.007935194014093e-02
-0.300000 0.700000 5.178937859175548e-02
-0.200000 0.700000 5.308411305654935e-02
-0.100000 0.700000 5.389250056502471e-02
0.000000 0.700000 5.416746230260136e-02
0.100000 0.700000 5.389250056502470e-02
0.200000 0.700000 5.308411305654932e-02
0.300000 0.700000 5.178937859175543e-02
0.400000 0.700000 5.007935194014086e-02
0.500000 0.700000 4.803992131814418e-02
0.600000 0.700000 4.576216642805976e-02
0.700000 0.700000 4.333396984208109e-02
0.800000 0.700000 4.083393312042256e-02
0.900000 0.700000 3.832787946321252e-02
1.000000 0.700000 3.586764395712794e-02
1.100000 0.700000 3.349155397889549e-02
1.200000 0.700000 3.122594885679374e-02
1.300000 0.700000 2.908718523646540e-02
1.400000 0.700000 2.708373115130069e-02
1.500000 0.700000 2.521810596510659e-02
1.600000 0.700000 2.348854560024309e-02
1.700000 0.700000 2.189035589960800e-02
1.800000 0.700000 2.041696656021130e-02
1.900000 0.700000 1.906072282102312e-02
2.000000 0.700000 1.781346075723134e-02
2.100000 0.700000 1.666691147772351e-02
2.200000 0.700000 1.561297442839688e-02
2.300000 0.700000 1.464389325697915e-02
2.400000 0.700000 1.375236089547912e-02
2.500000 0.700000 1.293157443521301e-02
2.600000 0.700000 1.217525528819941e-02
-2.500000 0.800000 1.205087697083984e-02
-2.400000 0.800000 1.276060410013209e-02
-2.300000 0.800000 1.352461479147759e-02
-2.200000 0.800000 1.434705758285121e-02
-2.100000 0.800000 1.523217017404577e-02
-2.000000 0.800000 1.618418080992363e-02
-1.900000 0.800000 1.720716792756872e-02
-1.800000 0.800000 1.830486657122396e-02
-1.700000 0.800000 1.948040846111908e-02
-1.600000 0.800000 2.073598166271465e-02
-1.500000 0.800000 2.207239628130956e-02
-1.400000 0.800000 2.348854560024313e-02
-1.300000 0.800000 2.498075908543506e-02
-1.200000 0.800000 2.654205652827475e-02
-1.100000 0.800000 2.816133318649840e-02
-1.000000 0.800000 2.982253542502779e-02
-0.900000 0.800000 3.150392466264063e-02
-0.800000 0.800000 3.317757066034341e-02
-0.700000 0.800000 3.480925446331110e-02
-0.600000 0.800000 3.635898154558181e-02
-0.500000 0.800000 3.778228687298892e-02
-0.400000 0.800000 3.903243607099222e-02
-0.300000 0.800000 4.006348155211276e-02
-0.200000 0.800000 4.083393312042261e-02
-0.100000 0.800000 4.131059381832637e-02
0.000000 0.800000 4.147196332542920e-02
0.100000 0.800000 4.131059381832636e-02
0.200000 0.800000 4.083393312042260e-02
0.300000 0.800000 4.006348155211274e-02
0.400000 0.800000 3.903243607099217e-02
0.500000 0.800000 3.778228687298887e-02
0.600000 0.800000 3.635898154558176e-02
0.700000 0.800000 3.480925446331106e-02
0.800000 0.800000 3.317757066034335e-02
0.900000 0.800000 3.150392466264058e-02
1.000000 0.800000 2.982253542502773e-02
1.100000 0.800000 2.816133318649835e-02
1.200000 0.800000 2.654205652827469e-02
1.300000 0.800000 2.498075908543500e-02
1.400000 0.800000 2.348854560024309e-02
1.500000 0.800000 2.207239628130951e-02
1.600000 0.800000 2.073598166271460e-02
1.700000 0.800000 1.948040846111904e-02
1.800000 0.800000 1.830486657122393e-02
1.900000 0.800000 1.720716792756869e-02
2.000000 0.800000 1.618418080992360e-02
2.100000 0.800000 1.523217017404574e-02
2.200000 0.800000 1.434705758285119e-02
2.300000 0.800000 1.352461479147756e-02
2.400000 0.800000 1.276060410013207e-02
2.500000 0.800000 1.205087697083982e-02
-2.300000 0.900000 1.244645089250867e-02
-2.200000 0.900000 1.313963194469048e-02
-2.100000 0.900000 1.387819949190837e-02
-2.000000 0.900000 1.466411962888108e-02
-1.900000 0.900000 1.549901111140131e-02
-1.800000 0.900000 1.638398551128071e-02
-1.700000 0.900000 1.731944961061974e-02
-1.600000 0.900000 1.830486657122396e-02
-1.500000 0.900000 1.933847470183952e-02
-1.400000 0.900000 2.041696656021134e-02
-1.300000 0.900000 2.153513714261642e-02
-1.200000 0.900000 2.268551840023483e-02
-1.100000 0.900000 2.385802834002224e-02
-1.000000 0.900000 2.503967597007051e-02
-0.900000 0.900000 2.621437681804911e-02
-0.800000 0.900000 2.736294487451003e-02
-0.700000 0.900000 2.846333139761364e-02
-0.600000 0.900000 2.949117392030525e-02
-0.500000 0.900000 3.042069516134638e-02
-0.400000 0.900000 3.122594885679378e-02
-0.300000 0.900000 3.188235018411376e-02
-0.200000 0.900000 3.236836161984720e-02
-0.100000 0.900000 3.266714649633810e-02
0.000000 0.900000 3.276797102256136e-02
0.100000 0.900000 3.266714649633809e-02
0.200000 0.900000 3.236836161984719e-02
0.300000 0.900000 3.188235018411375e-02
0.400000 0.900000 3.122594885679376e-02
0.500000 0.900000 3.042069516134635e-02
0.600000 0.900000 2.949117392030521e-02
0.700000 0.900000 2.846333139761361e-02
0.800000 0.900000 2.736294487451000e-02
0.900000 0.900000 2.621437681804908e-02
1.000000 0.900000 2.503967597007047e-02
1.100000 0.900000 2.385802834002220e-02
1.200000 0.900000 2.268551840023479e-02
1.300000 0.900000 2.153513714261639e-02
1.400000 0.900000 2.041696656021131e-02
1.500000 0.900000 1.933847470183949e-02
1.600000 0.900000 1.830486657122393e-02
1.700000 0.900000 1.731944961061971e-02
1.800000 0.900000 1.638398551128068e-02
1.900000 0.900000 1.549901111140129e-02
2.000000 0.900000 1.466411962888105e-02
2.100000 0.900000 1.387819949190834e-02
2.200000 0.900000 1.313963194469045e-02
2.300000 0.900000 1.244645089250866e-02
-2.200000 1.000000 1.200998032953609e-02
-2.100000 1.000000 1.262404591118894e-02
-2.000000 1.000000 1.327102826413738e-02
-1.900000 1.000000 1.395114666400775e-02
-1.800000 1.000000 1.466411962888107e-02
-1.700000 1.000000 1.540903136619724e-02
-1.600000 1.000000 1.618418080992362e-02
-1.500000 1.000000 1.698691617809584e-02
-1.400000 1.000000 1.781346075723137e-02
-1.300000 1.000000 1.865873921144094e-02
-1.200000 1.000000 1.951621803549613e-02
-1.100000 1.000000 2.037777852458713e-02
-1.000000 1.000000 2.123364522261979e-02
-0.900000 1.000000 2.207239628130955e-02
-0.800000 1.000000 2.288108321402994e-02
-0.700000 1.000000 2.364548465770577e-02
-0.600000 1.000000 2.435051057639883e-02
-0.500000 1.000000 2.498075908543503e-02
-0.400000 1.000000 2.552120820026414e-02
-0.300000 1.000000 2.595800149464520e-02
-0.200000 1.000000 2.627926388938090e-02
-0.100000 1.000000 2.647586686112189e-02
0.000000 1.000000 2.654205652827470e-02
0.100000 1.000000 2.647586686112189e-02
0.200000 1.000000 2.627926388938089e-02
0.300000 1.000000 2.595800149464519e-02
0.400000 1.000000 2.552120820026413e-02
0.500000 1.000000 2.498075908543500e-02
0.600000 1.000000 2.435051057639880e-02
0.700000 1.000000 2.364548465770574e-02
0.800000 1.000000 2.288108321402991e-02
0.900000 1.000000 2.207239628130953e-02
1.000000 1.000000 2.123364522261976e-02
1.100000 1.000000 2.037777852458710e-02
1.200000 1.000000 1.951621803549610e-02
1.300000 1.000000 1.865873921144092e-02
1.400000 1.000000 1.781346075723134e-02
1.500000 1.000000 1.698691617809581e-02
1.600000 1.000000 1.618418080992360e-02
1.700000 1.000000 1.540903136619722e-02
1.800000 1.000000 1.466411962888105e-02
1.900000 1.000000 1.395114666400773e-02
2.000000 1.000000 1.327102826413736e-02
2.100000 1.000000 1.262404591118892e-02
2.200000 1.000000 1.200998032953607e-02
-2.000000 1.100000 1.200998032953608e-02
-1.900000 1.100000 1.256428711397621e-02
-1.800000 1.100000 1.313963194469047e-02
-1.700000 1.100000 1.373457000169456e-02
-1.600000 1.100000 1.434705758285121e-02
-1.500000 1.100000 1.497436193414654e-02
-1.400000 1.100000 1.561297442839691e-02
-1.300000 1.100000 1.625853386111776e-02
-1.200000 1.100000 1.690576848934697e-02
-1.100000 1.100000 1.754846712613206e-02
-1.000000 1.100000 1.817949077279091e-02
-0.900000 1.100000 1.879083648019450e-02
-0.800000 1.100000 1.937376388925162e-02
-0.700000 1.100000 1.991899176605983e-02
-0.600000 1.100000 2.041696656021132e-02
-0.500000 1.100000 2.085819766465597e-02
-0.400000 1.100000 2.123364522261978e-02
-0.300000 1.100000 2.153513714261640e-02
-0.200000 1.100000 2.175578403956943e-02
-0.100000 1.100000 2.189035589960801e-02
0.000000 1.100000 2.193558390766505e-02
0.100000 1.100000 2.189035589960801e-02
0.200000 1.100000 2.175578403956942e-02
0.300000 1.100000 2.153513714261639e-02
0.400000 1.100000 2.123364522261977e-02
0.500000 1.100000 2.085819766465595e-02
0.600000 1.100000 2.041696656021131e-02
0.700000 1.100000 1.991899176605981e-02
0.800000 1.100000 1.937376388925161e-02
0.900000 1.100000 1.879083648019448e-02
1.000000 1.100000 1.817949077279089e-02
1.100000 1.100000 1.754846712613203e-02
1.200000 1.100000 1.690576848934694e-02
1.300000 1.100000 1.625853386111774e-02
1.400000 1.100000 1.561297442839688e-02
1.500000 1.100000 1.497436193414652e-02
1.600000 1.100000 1.434705758285119e-02
1.700000 1.100000 1.373457000169454e-02
1.800000 1.100000 1.313963194469045e-02
1.900000 1.100000 1.256428711397620e-02
2.000000 1.100000 1.200998032953607e-02
-1.700000 1.200000 1.227378336567618e-02
-1.600000 1.200000 1.276060410013208e-02
-1.500000 1.200000 1.325446018890124e-02
-1.400000 1.200000 1.375236089547914e-02
-1.300000 1.200000 1.425076860578509e-02
-1.200000 1.200000 1.474558696015263e-02
-1.100000 1.200000 1.523217017404576e-02
-1.000000 1.200000 1.570535889247025e-02
-0.900000 1.200000 1.615954735359192e-02
-0.800000 1.200000 1.658878533017170e-02
-0.700000 1.200000 1.698691617809582e-02
-0.600000 1.200000 1.734774936488543e-02
-0.500000 1.200000 1.766526224843575e-02
-0.400000 1.200000 1.793382197856399e-02
-0.300000 1.200000 1.814841472018783e-02
-0.200000 1.200000 1.830486657122394e-02
-0.100000 1.200000 1.840003918771210e-02
0.000000 1.200000 1.843198370019077e-02
0.100000 1.200000 1.840003918771210e-02
0.200000 1.200000 1.830486657122393e-02
0.300000 1.200000 1.814841472018783e-02
0.400000 1.200000 1.793382197856399e-02
0.500000 1.200000 1.766526224843574e-02
0.600000 1.200000 1.734774936488543e-02
0.700000 1.200000 1.698691617809581e-02
0.800000 1.200000 1.658878533017169e-02
0.900000 1.200000 1.615954735359191e-02
1.000000 1.200000 1.570535889247024e-02
1.100000 1.200000 1.523217017404574e-02
1.200000 1.200000 1.474558696015261e-02
1.300000 1.200000 1.425076860578507e-02
1.400000 1.200000 1.375236089547912e-02
1.500000 1.200000 1.325446018890123e-02
1.600000 1.200000 1.276060410013207e-02
1.700000 1.200000 1.227378336567616e-02
-1.400000 1.300000 1.217525528819942e-02
-1.300000 1.300000 1.256428711397620e-02
-1.200000 1.300000 1.294734464793889e-02
-1.100000 1.300000 1.332098194643650e-02
-1.000000 1.300000 1.368147243725501e-02
-0.900000 1.300000 1.402486474413460e-02
-0.800000 1.300000 1.434705758285120e-02
-0.700000 1.300000 1.464389325697916e-02
-0.600000 1.300000 1.491126771251388e-02
-0.500000 1.300000 1.514525336848771e-02
-0.400000 1.300000 1.534222920709521e-02
-0.300000 1.300000 1.549901111140129e-02
-0.200000 1.300000 1.561297442839689e-02
-0.100000 1.300000 1.568216043029525e-02
0.000000 1.300000 1.570535889247024e-02
0.100000 1.300000 1.568216043029525e-02
0.200000 1.300000 1.561297442839688e-02
0.300000 1.300000 1.549901111140129e-02
0.400000 1.300000 1.534222920709520e-02
0.500000 1.300000 1.514525336848770e-02
0.600000 1.300000 1.491126771251388e-02
0.700000 1.300000 1.464389325697915e-02
0.800000 1.300000 1.434705758285119e-02
0.900000 1.300000 1.402486474413459e-02
1.000000 1.300000 1.368147243725500e-02
1.100000 1.300000 1.332098194643649e-02
1.200000 1.300000 1.294734464793888e-02
1.300000 1.300000 1.256428711397620e-02
1.400000 1.300000 1.217525528819941e-02
-1.000000 1.400000 1.200998032953607e-02
-0.900000 1.400000 1.227378336567617e-02
-0.800000 1.400000 1.251983798503525e-02
-0.700000 1.400000 1.274528524767093e-02
-0.600000 1.400000 1.294734464793889e-02
-0.500000 1.400000 1.312339012522854e-02
-0.400000 1.400000 1.327102826413736e-02
-0.300000 1.400000 1.338817479358119e-02
-0.200000 1.400000 1.347312514125620e-02
-0.100000 1.400000 1.352461479147756e-02
0.000000 1.400000 1.354186557565036e-02
0.100000 1.400000 1.352461479147756e-02
0.200000 1.400000 1.347312514125620e-02
0.300000 1.400000 1.338817479358119e-02
0.400000 1.400000 1.327102826413736e-02
0.500000 1.400000 1.312339012522853e-02
0.600000 1.400000 1.294734464793888e-02
0.700000 1.400000 1.274528524767093e-02
0.800000 1.400000 1.251983798503524e-02
0.900000 1.400000 1.227378336567616e-02
1.000000 1.400000 1.200998032953607e-02
