0.000000 -0.020000 8.006405124099280e+06
-0.006000 -0.019000 8.006405124099280e+06
-0.005000 -0.019000 8.006405124099280e+06
-0.004000 -0.019000 8.006405124099280e+06
-0.003000 -0.019000 8.006405124099280e+06
-0.002000 -0.019000 8.006405124099280e+06
-0.001000 -0.019000 8.006405124099280e+06
0.000000 -0.019000 8.006405124099280e+06
0.001000 -0.019000 8.006405124099280e+06
0.002000 -0.019000 8.006405124099280e+06
0.003000 -0.019000 8.006405124099280e+06
0.004000 -0.019000 8.006405124099280e+06
0.005000 -0.019000 8.006405124099280e+06
0.006000 -0.019000 8.006405124099280e+06
-0.008000 -0.018000 8.006405124099280e+06
-0.007000 -0.018000 8.006405124099280e+06
-0.006000 -0.018000 8.006405124099280e+06
-0.005000 -0.018000 8.006405124099280e+06
-0.004000 -0.018000 8.006405124099280e+06
-0.003000 -0.018000 8.006405124099280e+06
-0.002000 -0.018000 8.006405124099280e+06
-0.001000 -0.018000 8.006405124099280e+06
0.000000 -0.018000 8.006405124099280e+06
0.001000 -0.018000 8.006405124099280e+06
0.002000 -0.018000 8.006405124099280e+06
0.003000 -0.018000 8.006405124099280e+06
0.004000 -0.018000 8.006405124099280e+06
0.005000 -0.018000 8.006405124099280e+06
0.006000 -0.018000 8.006405124099280e+06
0.007000 -0.018000 8.006405124099280e+06
0.008000 -0.018000 8.006405124099280e+06
-0.010000 -0.017000 8.006405124099280e+06
-0.009000 -0.017000 8.006405124099280e+06
-0.008000 -0.017000 8.006405124099280e+06
-0.007000 -0.017000 8.006405124099280e+06
-0.006000 -0.017000 8.006405124099280e+06
-0.005000 -0.017000 8.006405124099280e+06
-0.004000 -0.017000 8.006405124099280e+06
-0.003000 -0.017000 8.006405124099280e+06
-0.002000 -0.017000 8.006405124099280e+06
-0.001000 -0.017000 8.006405124099280e+06
0.000000 -0.017000 8.006405124099280e+06
0.001000 -0.017000 8.006405124099280e+06
0.002000 -0.017000 8.006405124099280e+06
0.003000 -0.017000 8.006405124099280e+06
0.004000 -0.017000 8.006405124099280e+06
0.005000 -0.017000 8.006405124099280e+06
0.006000 -0.017000 8.006405124099280e+06
0.007000 -0.017000 8.006405124099280e+06
0.008000 -0.017000 8.006405124099280e+06
0.009000 -0.017000 8.006405124099280e+06
0.010000 -0.017000 8.006405124099280e+06
-0.012000 -0.016000 8.006405124099280e+06
-0.011000 -0.016000 8.006405124099280e+06
-0.010000 -0.016000 8.006405124099280e+06
-0.009000 -0.016000 8.006405124099280e+06
-0.008000 -0.016000 8.006405124099280e+06
-0.007000 -0.016000 8.006405124099280e+06
-0.006000 -0.016000 8.006405124099280e+06
-0.005000 -0.016000 8.006405124099280e+06
-0.004000 -0.016000 8.006405124099280e+06
-0.003000 -0.016000 8.006405124099280e+06
-0.002000 -0.016000 8.006405124099280e+06
-0.001000 -0.016000 8.006405124099280e+06
0.000000 -0.016000 8.006405124099280e+06
0.001000 -0.016000 8.006405124099280e+06
0.002000 -0.016000 8.006405124099280e+06
0.003000 -0.016000 8.006405124099280e+06
0.004000 -0.016000 8.006405124099280e+06
0.005000 -0.016000 8.006405124099280e+06
0.006000 -0.016000 8.006405124099280e+06
0.007000 -0.016000 8.006405124099280e+06
0.008000 -0.016000 8.006405124099280e+06
0.009000 -0.016000 8.006405124099280e+06
0.010000 -0.016000 8.006405124099280e+06
0.011000 -0.016000 8.006405124099280e+06
-0.013000 -0.015000 8.006405124099280e+06
-0.012000 -0.015000 8.006405124099280e+06
-0.011000 -0.015000 8.006405124099280e+06
-0.010000 -0.015000 8.006405124099280e+06
-0.009000 -0.015000 8.006405124099280e+06
-0.008000 -0.015000 8.006405124099280e+06
-0.007000 -0.015000 8.006405124099280e+06
-0.006000 -0.015000 8.006405124099280e+06
-0.005000 -0.015000 8.006405124099280e+06
-0.004000 -0.015000 8.006405124099280e+06
-0.003000 -0.015000 8.006405124099280e+06
-0.002000 -0.015000 8.006405124099280e+06
-0.001000 -0.015000 8.006405124099280e+06
0.000000 -0.015000 8.006405124099280e+06
0.001000 -0.015000 8.006405124099280e+06
0.002000 -0.015000 8.006405124099280e+06
0.003000 -0.015000 8.006405124099280e+06
0.004000 -0.015000 8.006405124099280e+06
0.005000 -0.015000 8.006405124099280e+06
0.006000 -0.015000 8.006405124099280e+06
0.007000 -0.015000 8.006405124099280e+06
0.008000 -0.015000 8.006405124099280e+06
0.009000 -0.015000 8.006405124099280e+06
0.010000 -0.015000 8.006405124099280e+06
0.011000 -0.015000 8.006405124099280e+06
0.012000 -0.015000 8.006405124099280e+06
0.013000 -0.015000 8.006405124099280e+06
-0.014000 -0.014000 8.006405124099280e+06
-0.013000 -0.014000 8.006405124099280e+06
-0.012000 -0.014000 8.006405124099280e+06
-0.011000 -0.014000 8.006405124099280e+06
-0.010000 -0.014000 8.006405124099280e+06
-0.009000 -0.014000 8.006405124099280e+06
-0.008000 -0.014000 8.006405124099280e+06
-0.007000 -0.014000 8.006405124099280e+06
-0.006000 -0.014000 8.006405124099280e+06
-0.005000 -0.014000 8.006405124099280e+06
-0.004000 -0.014000 8.006405124099280e+06
-0.003000 -0.014000 8.006405124099280e+06
-0.002000 -0.014000 8.006405124099280e+06
-0.001000 -0.014000 8.006405124099280e+06
0.000000 -0.014000 8.006405124099280e+06
0.001000 -0.014000 8.006405124099280e+06
0.002000 -0.014000 8.006405124099280e+06
0.003000 -0.014000 8.006405124099280e+06
0.004000 -0.014000 8.006405124099280e+06
0.005000 -0.014000 8.006405124099280e+06
0.006000 -0.014000 8.006405124099280e+06
0.007000 -0.014000 8.006405124099280e+06
0.008000 -0.014000 8.006405124099280e+06
0.009000 -0.014000 8.006405124099280e+06
0.010000 -0.014000 8.006405124099280e+06
0.011000 -0.014000 8.006405124099280e+06
0.012000 -0.014000 8.006405124099280e+06
0.013000 -0.014000 8.006405124099280e+06
0.014000 -0.014000 8.006405124099280e+06
-0.015000 -0.013000 8.006405124099280e+06
-0.014000 -0.013000 8.006405124099280e+06
-0.013000 -0.013000 8.006405124099280e+06
-0.012000 -0.013000 8.006405124099280e+06
-0.011000 -0.013000 8.006405124099280e+06
-0.010000 -0.013000 8.006405124099280e+06
-0.009000 -0.013000 8.006405124099280e+06
-0.008000 -0.013000 8.006405124099280e+06
-0.007000 -0.013000 8.006405124099280e+06
-0.006000 -0.013000 8.006405124099280e+06
-0.005000 -0.013000 8.006405124099280e+06
-0.004000 -0.013000 8.006405124099280e+06
-0.003000 -0.013000 8.006405124099280e+06
-0.002000 -0.013000 8.006405124099280e+06
-0.001000 -0.013000 8.006405124099280e+06
0.000000 -0.013000 8.006405124099280e+06
0.001000 -0.013000 8.006405124099280e+06
0.002000 -0.013000 8.006405124099280e+06
0.003000 -0.013000 8.006405124099280e+06
0.004000 -0.013000 8.006405124099280e+06
0.005000 -0.013000 8.006405124099280e+06
0.006000 -0.013000 8.006405124099280e+06
0.007000 -0.013000 8.006405124099280e+06
0.008000 -0.013000 8.006405124099280e+06
0.009000 -0.013000 8.006405124099280e+06
0.010000 -0.013000 8.006405124099280e+06
0.011000 -0.013000 8.006405124099280e+06
0.012000 -0.013000 8.006405124099280e+06
0.013000 -0.013000 8.006405124099280e+06
0.014000 -0.013000 8.006405124099280e+06
0.015000 -0.013000 8.006405124099280e+06
-0.016000 -0.012000 8.006405124099280e+06
-0.015000 -0.012000 8.006405124099280e+06
-0.014000 -0.012000 8.006405124099280e+06
-0.013000 -0.012000 8.006405124099280e+06
-0.012000 -0.012000 8.006405124099280e+06
-0.011000 -0.012000 8.006405124099280e+06
-0.010000 -0.012000 8.006405124099280e+06
-0.009000 -0.012000 8.006405124099280e+06
-0.008000 -0.012000 8.006405124099280e+06
-0.007000 -0.012000 8.006405124099280e+06
-0.006000 -0.012000 8.006405124099280e+06
-0.005000 -0.012000 8.006405124099280e+06
-0.004000 -0.012000 8.006405124099280e+06
-0.003000 -0.012000 8.006405124099280e+06
-0.002000 -0.012000 8.006405124099280e+06
-0.001000 -0.012000 8.006405124099280e+06
0.000000 -0.012000 8.006405124099280e+06
0.001000 -0.012000 8.006405124099280e+06
0.002000 -0.012000 8.006405124099280e+06
0.003000 -0.012000 8.006405124099280e+06
0.004000 -0.012000 8.006405124099280e+06
0.005000 -0.012000 8.006405124099280e+06
0.006000 -0.012000 8.006405124099280e+06
0.007000 -0.012000 8.006405124099280e+06
0.008000 -0.012000 8.006405124099280e+06
0.009000 -0.012000 8.006405124099280e+06
0.010000 -0.012000 8.006405124099280e+06
0.011000 -0.012000 8.006405124099280e+06
0.012000 -0.012000 8.006405124099280e+06
0.013000 -0.012000 8.006405124099280e+06
0.014000 -0.012000 8.006405124099280e+06
0.015000 -0.012000 8.006405124099280e+06
-0.016000 -0.011000 8.006405124099280e+06
-0.015000 -0.011000 8.006405124099280e+06
-0.014000 -0.011000 8.006405124099280e+06
-0.013000 -0.011000 8.006405124099280e+06
-0.012000 -0.011000 8.006405124099280e+06
-0.011000 -0.011000 8.006405124099280e+06
-0.010000 -0.011000 8.006405124099280e+06
-0.009000 -0.011000 8.006405124099280e+06
-0.008000 -0.011000 8.006405124099280e+06
-0.007000 -0.011000 8.006405124099280e+06
-0.006000 -0.011000 8.006405124099280e+06
-0.005000 -0.011000 8.006405124099280e+06
-0.004000 -0.011000 8.006405124099280e+06
-0.003000 -0.011000 8.006405124099280e+06
-0.002000 -0.011000 8.006405124099280e+06
-0.001000 -0.011000 8.006405124099280e+06
0.000000 -0.011000 8.006405124099280e+06
0.001000 -0.011000 8.006405124099280e+06
0.002000 -0.011000 8.006405124099280e+06
0.003000 -0.011000 8.006405124099280e+06
0.004000 -0.011000 8.006405124099280e+06
0.005000 -0.011000 8.006405124099280e+06
0.006000 -0.011000 8.006405124099280e+06
0.007000 -0.011000 8.006405124099280e+06
0.008000 -0.011000 8.006405124099280e+06
0.009000 -0.011000 8.006405124099280e+06
0.010000 -0.011000 8.006405124099280e+06
0.011000 -0.011000 8.006405124099280e+06
0.012000 -0.011000 8.006405124099280e+06
0.013000 -0.011000 8.006405124099280e+06
0.014000 -0.011000 8.006405124099280e+06
0.015000 -0.011000 8.006405124099280e+06
0.016000 -0.011000 8.006405124099280e+06
-0.017000 -0.010000 8.006405124099280e+06
-0.016000 -0.010000 8.006405124099280e+06
-0.015000 -0.010000 8.006405124099280e+06
-0.014000 -0.010000 8.006405124099280e+06
-0.013000 -0.010000 8.006405124099280e+06
-0.012000 -0.010000 8.006405124099280e+06
-0.011000 -0.010000 8.006405124099280e+06
-0.010000 -0.010000 8.006405124099280e+06
-0.009000 -0.010000 8.006405124099280e+06
-0.008000 -0.010000 8.006405124099280e+06
-0.007000 -0.010000 8.006405124099280e+06
-0.006000 -0.010000 8.006405124099280e+06
-0.005000 -0.010000 8.006405124099280e+06
-0.004000 -0.010000 8.006405124099280e+06
-0.003000 -0.010000 8.006405124099280e+06
-0.002000 -0.010000 8.006405124099280e+06
-0.001000 -0.010000 8.006405124099280e+06
0.000000 -0.010000 8.006405124099280e+06
0.001000 -0.010000 8.006405124099280e+06
0.002000 -0.010000 8.006405124099280e+06
0.003000 -0.010000 8.006405124099280e+06
0.004000 -0.010000 8.006405124099280e+06
0.005000 -0.010000 8.006405124099280e+06
0.006000 -0.010000 8.006405124099280e+06
0.007000 -0.010000 8.006405124099280e+06
0.008000 -0.010000 8.006405124099280e+06
0.009000 -0.010000 8.006405124099280e+06
0.010000 -0.010000 8.006405124099280e+06
0.011000 -0.010000 8.006405124099280e+06
0.012000 -0.010000 8.006405124099280e+06
0.013000 -0.010000 8.006405124099280e+06
0.014000 -0.010000 8.006405124099280e+06
0.015000 -0.010000 8.006405124099280e+06
0.016000 -0.010000 8.006405124099280e+06
0.017000 -0.010000 8.006405124099280e+06
-0.017000 -0.009000 8.006405124099280e+06
-0.016000 -0.009000 8.006405124099280e+06
-0.015000 -0.009000 8.006405124099280e+06
-0.014000 -0.009000 8.006405124099280e+06
-0.013000 -0.009000 8.006405124099280e+06
-0.012000 -0.009000 8.006405124099280e+06
-0.011000 -0.009000 8.006405124099280e+06
-0.010000 -0.009000 8.006405124099280e+06
-0.009000 -0.009000 8.006405124099280e+06
-0.008000 -0.009000 8.006405124099280e+06
-0.007000 -0.009000 8.006405124099280e+06
-0.006000 -0.009000 8.006405124099280e+06
-0.005000 -0.009000 8.006405124099280e+06
-0.004000 -0.009000 8.006405124099280e+06
-0.003000 -0.009000 8.006405124099280e+06
-0.002000 -0.009000 8.006405124099280e+06
-0.001000 -0.009000 8.006405124099280e+06
0.000000 -0.009000 8.006405124099280e+06
0.001000 -0.009000 8.006405124099280e+06
0.002000 -0.009000 8.006405124099280e+06
0.003000 -0.009000 8.006405124099280e+06
0.004000 -0.009000 8.006405124099280e+06
0.005000 -0.009000 8.006405124099280e+06
0.006000 -0.009000 8.006405124099280e+06
0.007000 -0.009000 8.006405124099280e+06
0.008000 -0.009000 8.006405124099280e+06
0.009000 -0.009000 8.006405124099280e+06
0.010000 -0.009000 8.006405124099280e+06
0.011000 -0.009000 8.006405124099280e+06
0.012000 -0.009000 8.006405124099280e+06
0.013000 -0.009000 8.006405124099280e+06
0.014000 -0.009000 8.006405124099280e+06
0.015000 -0.009000 8.006405124099280e+06
0.016000 -0.009000 8.006405124099280e+06
0.017000 -0.009000 8.006405124099280e+06
-0.018000 -0.008000 8.006405124099280e+06
-0.017000 -0.008000 8.006405124099280e+06
-0.016000 -0.008000 8.006405124099280e+06
-0.015000 -0.008000 8.006405124099280e+06
-0.014000 -0.008000 8.006405124099280e+06
-0.013000 -0.008000 8.006405124099280e+06
-0.012000 -0.008000 8.006405124099280e+06
-0.011000 -0.008000 8.006405124099280e+06
-0.010000 -0.008000 8.006405124099280e+06
-0.009000 -0.008000 8.006405124099280e+06
-0.008000 -0.008000 8.006405124099280e+06
-0.007000 -0.008000 8.006405124099280e+06
-0.006000 -0.008000 8.006405124099280e+06
-0.005000 -0.008000 8.006405124099280e+06
-0.004000 -0.008000 8.006405124099280e+06
-0.003000 -0.008000 8.006405124099280e+06
-0.002000 -0.008000 8.006405124099280e+06
-0.001000 -0.008000 8.006405124099280e+06
0.000000 -0.008000 8.006405124099280e+06
0.001000 -0.008000 8.006405124099280e+06
0.002000 -0.008000 8.006405124099280e+06
0.003000 -0.008000 8.006405124099280e+06
0.004000 -0.008000 8.006405124099280e+06
0.005000 -0.008000 8.006405124099280e+06
0.006000 -0.008000 8.006405124099280e+06
0.007000 -0.008000 8.006405124099280e+06
0.008000 -0.008000 8.006405124099280e+06
0.009000 -0.008000 8.006405124099280e+06
0.010000 -0.008000 8.006405124099280e+06
0.011000 -0.008000 8.006405124099280e+06
0.012000 -0.008000 8.006405124099280e+06
0.013000 -0.008000 8.006405124099280e+06
0.014000 -0.008000 8.006405124099280e+06
0.015000 -0.008000 8.006405124099280e+06
0.016000 -0.008000 8.006405124099280e+06
0.017000 -0.008000 8.006405124099280e+06
0.018000 -0.008000 8.006405124099280e+06
-0.018000 -0.007000 8.006405124099280e+06
-0.017000 -0.007000 8.006405124099280e+06
-0.016000 -0.007000 8.006405124099280e+06
-0.015000 -0.007000 8.006405124099280e+06
-0.014000 -0.007000 8.006405124099280e+06
-0.013000 -0.007000 8.006405124099280e+06
-0.012000 -0.007000 8.006405124099280e+06
-0.011000 -0.007000 8.006405124099280e+06
-0.010000 -0.007000 8.006405124099280e+06
-0.009000 -0.007000 8.006405124099280e+06
-0.008000 -0.007000 8.006405124099280e+06
-0.007000 -0.007000 8.006405124099280e+06
-0.006000 -0.007000 8.006405124099280e+06
-0.005000 -0.007000 8.006405124099280e+06
-0.004000 -0.007000 8.006405124099280e+06
-0.003000 -0.007000 8.006405124099280e+06
-0.002000 -0.007000 8.006405124099280e+06
-0.001000 -0.007000 8.006405124099280e+06
0.000000 -0.007000 8.006405124099280e+06
0.001000 -0.007000 8.006405124099280e+06
0.002000 -0.007000 8.006405124099280e+06
0.003000 -0.007000 8.006405124099280e+06
0.004000 -0.007000 8.006405124099280e+06
0.005000 -0.007000 8.006405124099280e+06
0.006000 -0.007000 8.006405124099280e+06
0.007000 -0.007000 8.006405124099280e+06
0.008000 -0.007000 8.006405124099280e+06
0.009000 -0.007000 8.006405124099280e+06
0.010000 -0.007000 8.006405124099280e+06
0.011000 -0.007000 8.006405124099280e+06
0.012000 -0.007000 8.006405124099280e+06
0.013000 -0.007000 8.006405124099280e+06
0.014000 -0.007000 8.006405124099280e+06
0.015000 -0.007000 8.006405124099280e+06
0.016000 -0.007000 8.006405124099280e+06
0.017000 -0.007000 8.006405124099280e+06
0.018000 -0.007000 8.006405124099280e+06
-0.019000 -0.006000 8.006405124099280e+06
-0.018000 -0.006000 8.006405124099280e+06
-0.017000 -0.006000 8.006405124099280e+06
-0.016000 -0.006000 8.006405124099280e+06
-0.015000 -0.006000 8.006405124099280e+06
-0.014000 -0.006000 8.006405124099280e+06
-0.013000 -0.006000 8.006405124099280e+06
-0.012000 -0.006000 8.006405124099280e+06
-0.011000 -0.006000 8.006405124099280e+06
-0.010000 -0.006000 8.006405124099280e+06
-0.009000 -0.006000 8.006405124099280e+06
-0.008000 -0.006000 8.006405124099280e+06
-0.007000 -0.006000 8.006405124099280e+06
-0.006000 -0.006000 8.006405124099280e+06
-0.005000 -0.006000 8.006405124099280e+06
-0.004000 -0.006000 8.006405124099280e+06
-0.003000 -0.006000 8.006405124099280e+06
-0.002000 -0.006000 8.006405124099280e+06
-0.001000 -0.006000 8.006405124099280e+06
0.000000 -0.006000 8.006405124099280e+06
0.001000 -0.006000 8.006405124099280e+06
0.002000 -0.006000 8.006405124099280e+06
0.003000 -0.006000 8.006405124099280e+06
0.004000 -0.006000 8.006405124099280e+06
0.005000 -0.006000 8.006405124099280e+06
0.006000 -0.006000 8.006405124099280e+06
0.007000 -0.006000 8.006405124099280e+06
0.008000 -0.006000 8.006405124099280e+06
0.009000 -0.006000 8.006405124099280e+06
0.010000 -0.006000 8.006405124099280e+06
0.011000 -0.006000 8.006405124099280e+06
0.012000 -0.006000 8.006405124099280e+06
0.013000 -0.006000 8.006405124099280e+06
0.014000 -0.006000 8.006405124099280e+06
0.015000 -0.006000 8.006405124099280e+06
0.016000 -0.006000 8.006405124099280e+06
0.017000 -0.006000 8.006405124099280e+06
0.018000 -0.006000 8.006405124099280e+06
0.019000 -0.006000 8.006405124099280e+06
-0.019000 -0.005000 8.006405124099280e+06
-0.018000 -0.005000 8.006405124099280e+06
-0.017000 -0.005000 8.006405124099280e+06
-0.016000 -0.005000 8.006405124099280e+06
-0.015000 -0.005000 8.006405124099280e+06
-0.014000 -0.005000 8.006405124099280e+06
-0.013000 -0.005000 8.006405124099280e+06
-0.012000 -0.005000 8.006405124099280e+06
-0.011000 -0.005000 8.006405124099280e+06
-0.010000 -0.005000 8.006405124099280e+06
-0.009000 -0.005000 8.006405124099280e+06
-0.008000 -0.005000 8.006405124099280e+06
-0.007000 -0.005000 8.006405124099280e+06
-0.006000 -0.005000 8.006405124099280e+06
-0.005000 -0.005000 8.006405124099280e+06
-0.004000 -0.005000 8.006405124099280e+06
-0.003000 -0.005000 8.006405124099280e+06
-0.002000 -0.005000 8.006405124099280e+06
-0.001000 -0.005000 8.006405124099280e+06
0.000000 -0.005000 8.006405124099280e+06
0.001000 -0.005000 8.006405124099280e+06
0.002000 -0.005000 8.006405124099280e+06
0.003000 -0.005000 8.006405124099280e+06
0.004000 -0.005000 8.006405124099280e+06
0.005000 -0.005000 8.006405124099280e+06
0.006000 -0.005000 8.006405124099280e+06
0.007000 -0.005000 8.006405124099280e+06
0.008000 -0.005000 8.006405124099280e+06
0.009000 -0.005000 8.006405124099280e+06
0.010000 -0.005000 8.006405124099280e+06
0.011000 -0.005000 8.006405124099280e+06
0.012000 -0.005000 8.006405124099280e+06
0.013000 -0.005000 8.006405124099280e+06
0.014000 -0.005000 8.006405124099280e+06
0.015000 -0.005000 8.006405124099280e+06
0.016000 -0.005000 8.006405124099280e+06
0.017000 -0.005000 8.006405124099280e+06
0.018000 -0.005000 8.006405124099280e+06
0.019000 -0.005000 8.006405124099280e+06
-0.019000 -0.004000 8.006405124099280e+06
-0.018000 -0.004000 8.006405124099280e+06
-0.017000 -0.004000 8.006405124099280e+06
-0.016000 -0.004000 8.006405124099280e+06
-0.015000 -0.004000 8.006405124099280e+06
-0.014000 -0.004000 8.006405124099280e+06
-0.013000 -0.004000 8.006405124099280e+06
-0.012000 -0.004000 8.006405124099280e+06
-0.011000 -0.004000 8.006405124099280e+06
-0.010000 -0.004000 8.006405124099280e+06
-0.009000 -0.004000 8.006405124099280e+06
-0.008000 -0.004000 8.006405124099280e+06
-0.007000 -0.004000 8.006405124099280e+06
-0.006000 -0.004000 8.006405124099280e+06
-0.005000 -0.004000 8.006405124099280e+06
-0.004000 -0.004000 8.006405124099280e+06
-0.003000 -0.004000 8.006405124099280e+06
-0.002000 -0.004000 8.006405124099280e+06
-0.001000 -0.004000 8.006405124099280e+06
0.000000 -0.004000 8.006405124099280e+06
0.001000 -0.004000 8.006405124099280e+06
0.002000 -0.004000 8.006405124099280e+06
0.003000 -0.004000 8.006405124099280e+06
0.004000 -0.004000 8.006405124099280e+06
0.005000 -0.004000 8.006405124099280e+06
0.006000 -0.004000 8.006405124099280e+06
0.007000 -0.004000 8.006405124099280e+06
0.008000 -0.004000 8.006405124099280e+06
0.009000 -0.004000 8.006405124099280e+06
0.010000 -0.004000 8.006405124099280e+06
0.011000 -0.004000 8.006405124099280e+06
0.012000 -0.004000 8.006405124099280e+06
0.013000 -0.004000 8.006405124099280e+06
0.014000 -0.004000 8.006405124099280e+06
0.015000 -0.004000 8.006405124099280e+06
0.016000 -0.004000 8.006405124099280e+06
0.017000 -0.004000 8.006405124099280e+06
0.018000 -0.004000 8.006405124099280e+06
0.019000 -0.004000 8.006405124099280e+06
-0.019000 -0.003000 8.006405124099280e+06
-0.018000 -0.003000 8.006405124099280e+06
-0.017000 -0.003000 8.006405124099280e+06
-0.016000 -0.003000 8.006405124099280e+06
-0.015000 -0.003000 8.006405124099280e+06
-0.014000 -0.003000 8.006405124099280e+06
-0.013000 -0.003000 8.006405124099280e+06
-0.012000 -0.003000 8.006405124099280e+06
-0.011000 -0.003000 8.006405124099280e+06
-0.010000 -0.003000 8.006405124099280e+06
-0.009000 -0.003000 8.006405124099280e+06
-0.008000 -0.003000 8.006405124099280e+06
-0.007000 -0.003000 8.006405124099280e+06
-0.006000 -0.003000 8.006405124099280e+06
-0.005000 -0.003000 8.006405124099280e+06
-0.004000 -0.003000 8.006405124099280e+06
-0.003000 -0.003000 8.006405124099280e+06
-0.002000 -0.003000 8.006405124099280e+06
-0.001000 -0.003000 8.006405124099280e+06
0.000000 -0.003000 8.006405124099280e+06
0.001000 -0.003000 8.006405124099280e+06
0.002000 -0.003000 8.006405124099280e+06
0.003000 -0.003000 8.006405124099280e+06
0.004000 -0.003000 8.006405124099280e+06
0.005000 -0.003000 8.006405124099280e+06
0.006000 -0.003000 8.006405124099280e+06
0.007000 -0.003000 8.006405124099280e+06
0.008000 -0.003000 8.006405124099280e+06
0.009000 -0.003000 8.006405124099280e+06
0.010000 -0.003000 8.006405124099280e+06
0.011000 -0.003000 8.006405124099280e+06
0.012000 -0.003000 8.006405124099280e+06
0.013000 -0.003000 8.006405124099280e+06
0.014000 -0.003000 8.006405124099280e+06
0.015000 -0.003000 8.006405124099280e+06
0.016000 -0.003000 8.006405124099280e+06
0.017000 -0.003000 8.006405124099280e+06
0.018000 -0.003000 8.006405124099280e+06
0.019000 -0.003000 8.006405124099280e+06
-0.019000 -0.002000 8.006405124099280e+06
-0.018000 -0.002000 8.006405124099280e+06
-0.017000 -0.002000 8.006405124099280e+06
-0.016000 -0.002000 8.006405124099280e+06
-0.015000 -0.002000 8.006405124099280e+06
-0.014000 -0.002000 8.006405124099280e+06
-0.013000 -0.002000 8.006405124099280e+06
-0.012000 -0.002000 8.006405124099280e+06
-0.011000 -0.002000 8.006405124099280e+06
-0.010000 -0.002000 8.006405124099280e+06
-0.009000 -0.002000 8.006405124099280e+06
-0.008000 -0.002000 8.006405124099280e+06
-0.007000 -0.002000 8.006405124099280e+06
-0.006000 -0.002000 8.006405124099280e+06
-0.005000 -0.002000 8.006405124099280e+06
-0.004000 -0.002000 8.006405124099280e+06
-0.003000 -0.002000 8.006405124099280e+06
-0.002000 -0.002000 8.006405124099280e+06
-0.001000 -0.002000 8.006405124099280e+06
0.000000 -0.002000 8.006405124099280e+06
0.001000 -0.002000 8.006405124099280e+06
0.002000 -0.002000 8.006405124099280e+06
0.003000 -0.002000 8.006405124099280e+06
0.004000 -0.002000 8.006405124099280e+06
0.005000 -0.002000 8.006405124099280e+06
0.006000 -0.002000 8.006405124099280e+06
0.007000 -0.002000 8.006405124099280e+06
0.008000 -0.002000 8.006405124099280e+06
0.009000 -0.002000 8.006405124099280e+06
0.010000 -0.002000 8.006405124099280e+06
0.011000 -0.002000 8.006405124099280e+06
0.012000 -0.002000 8.006405124099280e+06
0.013000 -0.002000 8.006405124099280e+06
0.014000 -0.002000 8.006405124099280e+06
0.015000 -0.002000 8.006405124099280e+06
0.016000 -0.002000 8.006405124099280e+06
0.017000 -0.002000 8.006405124099280e+06
0.018000 -0.002000 8.006405124099280e+06
0.019000 -0.002000 8.006405124099280e+06
-0.019000 -0.001000 8.006405124099280e+06
-0.018000 -0.001000 8.006405124099280e+06
-0.017000 -0.001000 8.006405124099280e+06
-0.016000 -0.001000 8.006405124099280e+06
-0.015000 -0.001000 8.006405124099280e+06
-0.014000 -0.001000 8.006405124099280e+06
-0.013000 -0.001000 8.006405124099280e+06
-0.012000 -0.001000 8.006405124099280e+06
-0.011000 -0.001000 8.006405124099280e+06
-0.010000 -0.001000 8.006405124099280e+06
-0.009000 -0.001000 8.006405124099280e+06
-0.008000 -0.001000 8.006405124099280e+06
-0.007000 -0.001000 8.006405124099280e+06
-0.006000 -0.001000 8.006405124099280e+06
-0.005000 -0.001000 8.006405124099280e+06
-0.004000 -0.001000 8.006405124099280e+06
-0.003000 -0.001000 8.006405124099280e+06
-0.002000 -0.001000 8.006405124099280e+06
-0.001000 -0.001000 8.006405124099280e+06
0.000000 -0.001000 8.006405124099280e+06
0.001000 -0.001000 8.006405124099280e+06
0.002000 -0.001000 8.006405124099280e+06
0.003000 -0.001000 8.006405124099280e+06
0.004000 -0.001000 8.006405124099280e+06
0.005000 -0.001000 8.006405124099280e+06
0.006000 -0.001000 8.006405124099280e+06
0.007000 -0.001000 8.006405124099280e+06
0.008000 -0.001000 8.006405124099280e+06
0.009000 -0.001000 8.006405124099280e+06
0.010000 -0.001000 8.006405124099280e+06
0.011000 -0.001000 8.006405124099280e+06
0.012000 -0.001000 8.006405124099280e+06
0.013000 -0.001000 8.006405124099280e+06
0.014000 -0.001000 8.006405124099280e+06
0.015000 -0.001000 8.006405124099280e+06
0.016000 -0.001000 8.006405124099280e+06
0.017000 -0.001000 8.006405124099280e+06
0.018000 -0.001000 8.006405124099280e+06
0.019000 -0.001000 8.006405124099280e+06
-0.020000 0.000000 8.006405124099280e+06
-0.019000 0.000000 8.006405124099280e+06
-0.018000 0.000000 8.006405124099280e+06
-0.017000 0.000000 8.006405124099280e+06
-0.016000 0.000000 8.006405124099280e+06
-0.015000 0.000000 8.006405124099280e+06
-0.014000 0.000000 8.006405124099280e+06
-0.013000 0.000000 8.006405124099280e+06
-0.012000 0.000000 8.006405124099280e+06
-0.011000 0.000000 8.006405124099280e+06
-0.010000 0.000000 8.006405124099280e+06
-0.009000 0.000000 8.006405124099280e+06
-0.008000 0.000000 8.006405124099280e+06
-0.007000 0.000000 8.006405124099280e+06
-0.006000 0.000000 8.006405124099280e+06
-0.005000 0.000000 8.006405124099280e+06
-0.004000 0.000000 8.006405124099280e+06
-0.003000 0.000000 8.006405124099280e+06
-0.002000 0.000000 8.006405124099280e+06
-0.001000 0.000000 8.006405124099280e+06
0.000000 0.000000 8.006405124099280e+06
0.001000 0.000000 8.006405124099280e+06
0.002000 0.000000 8.006405124099280e+06
0.003000 0.000000 8.006405124099280e+06
0.004000 0.000000 8.006405124099280e+06
0.005000 0.000000 8.006405124099280e+06
0.006000 0.000000 8.006405124099280e+06
0.007000 0.000000 8.006405124099280e+06
0.008000 0.000000 8.006405124099280e+06
0.009000 0.000000 8.006405124099280e+06
0.010000 0.000000 8.006405124099280e+06
0.011000 0.000000 8.006405124099280e+06
0.012000 0.000000 8.006405124099280e+06
0.013000 0.000000 8.006405124099280e+06
0.014000 0.000000 8.006405124099280e+06
0.015000 0.000000 8.006405124099280e+06
0.016000 0.000000 8.006405124099280e+06
0.017000 0.000000 8.006405124099280e+06
0.018000 0.000000 8.006405124099280e+06
0.019000 0.000000 8.006405124099280e+06
-0.019000 0.001000 8.006405124099280e+06
-0.018000 0.001000 8.006405124099280e+06
-0.017000 0.001000 8.006405124099280e+06
-0.016000 0.001000 8.006405124099280e+06
-0.015000 0.001000 8.006405124099280e+06
-0.014000 0.001000 8.006405124099280e+06
-0.013000 0.001000 8.006405124099280e+06
-0.012000 0.001000 8.006405124099280e+06
-0.011000 0.001000 8.006405124099280e+06
-0.010000 0.001000 8.006405124099280e+06
-0.009000 0.001000 8.006405124099280e+06
-0.008000 0.001000 8.006405124099280e+06
-0.007000 0.001000 8.006405124099280e+06
-0.006000 0.001000 8.006405124099280e+06
-0.005000 0.001000 8.006405124099280e+06
-0.004000 0.001000 8.006405124099280e+06
-0.003000 0.001000 8.006405124099280e+06
-0.002000 0.001000 8.006405124099280e+06
-0.001000 0.001000 8.006405124099280e+06
0.000000 0.001000 8.006405124099280e+06
0.001000 0.001000 8.006405124099280e+06
0.002000 0.001000 8.006405124099280e+06
0.003000 0.001000 8.006405124099280e+06
0.004000 0.001000 8.006405124099280e+06
0.005000 0.001000 8.006405124099280e+06
0.006000 0.001000 8.006405124099280e+06
0.007000 0.001000 8.006405124099280e+06
0.008000 0.001000 8.006405124099280e+06
0.009000 0.001000 8.006405124099280e+06
0.010000 0.001000 8.006405124099280e+06
0.011000 0.001000 8.006405124099280e+06
0.012000 0.001000 8.006405124099280e+06
0.013000 0.001000 8.006405124099280e+06
0.014000 0.001000 8.006405124099280e+06
0.015000 0.001000 8.006405124099280e+06
0.016000 0.001000 8.006405124099280e+06
0.017000 0.001000 8.006405124099280e+06
0.018000 0.001000 8.006405124099280e+06
0.019000 0.001000 8.006405124099280e+06
-0.019000 0.002000 8.006405124099280e+06
-0.018000 0.002000 8.006405124099280e+06
-0.017000 0.002000 8.006405124099280e+06
-0.016000 0.002000 8.006405124099280e+06
-0.015000 0.002000 8.006405124099280e+06
-0.014000 0.002000 8.006405124099280e+06
-0.013000 0.002000 8.006405124099280e+06
-0.012000 0.002000 8.006405124099280e+06
-0.011000 0.002000 8.006405124099280e+06
-0.010000 0.002000 8.006405124099280e+06
-0.009000 0.002000 8.006405124099280e+06
-0.008000 0.002000 8.006405124099280e+06
-0.007000 0.002000 8.006405124099280e+06
-0.006000 0.002000 8.006405124099280e+06
-0.005000 0.002000 8.006405124099280e+06
-0.004000 0.002000 8.006405124099280e+06
-0.003000 0.002000 8.006405124099280e+06
-0.002000 0.002000 8.006405124099280e+06
-0.001000 0.002000 8.006405124099280e+06
0.000000 0.002000 8.006405124099280e+06
0.001000 0.002000 8.006405124099280e+06
0.002000 0.002000 8.006405124099280e+06
0.003000 0.002000 8.006405124099280e+06
0.004000 0.002000 8.006405124099280e+06
0.005000 0.002000 8.006405124099280e+06
0.006000 0.002000 8.006405124099280e+06
0.007000 0.002000 8.006405124099280e+06
0.008000 0.002000 8.006405124099280e+06
0.009000 0.002000 8.006405124099280e+06
0.010000 0.002000 8.006405124099280e+06
0.011000 0.002000 8.006405124099280e+06
0.012000 0.002000 8.006405124099280e+06
0.013000 0.002000 8.006405124099280e+06
0.014000 0.002000 8.006405124099280e+06
0.015000 0.002000 8.006405124099280e+06
0.016000 0.002000 8.006405124099280e+06
0.017000 0.002000 8.006405124099280e+06
0.018000 0.002000 8.006405124099280e+06
0.019000 0.002000 8.006405124099280e+06
-0.019000 0.003000 8.006405124099280e+06
-0.018000 0.003000 8.006405124099280e+06
-0.017000 0.003000 8.006405124099280e+06
-0.016000 0.003000 8.006405124099280e+06
-0.015000 0.003000 8.006405124099280e+06
-0.014000 0.003000 8.006405124099280e+06
-0.013000 0.003000 8.006405124099280e+06
-0.012000 0.003000 8.006405124099280e+06
-0.011000 0.003000 8.006405124099280e+06
-0.010000 0.003000 8.006405124099280e+06
-0.009000 0.003000 8.006405124099280e+06
-0.008000 0.003000 8.006405124099280e+06
-0.007000 0.003000 8.006405124099280e+06
-0.006000 0.003000 8.006405124099280e+06
-0.005000 0.003000 8.006405124099280e+06
-0.004000 0.003000 8.006405124099280e+06
-0.003000 0.003000 8.006405124099280e+06
-0.002000 0.003000 8.006405124099280e+06
-0.001000 0.003000 8.006405124099280e+06
0.000000 0.003000 8.006405124099280e+06
0.001000 0.003000 8.006405124099280e+06
0.002000 0.003000 8.006405124099280e+06
0.003000 0.003000 8.006405124099280e+06
0.004000 0.003000 8.006405124099280e+06
0.005000 0.003000 8.006405124099280e+06
0.006000 0.003000 8.006405124099280e+06
0.007000 0.003000 8.006405124099280e+06
0.008000 0.003000 8.006405124099280e+06
0.009000 0.003000 8.006405124099280e+06
0.010000 0.003000 8.006405124099280e+06
0.011000 0.003000 8.006405124099280e+06
0.012000 0.003000 8.006405124099280e+06
0.013000 0.003000 8.006405124099280e+06
0.014000 0.003000 8.006405124099280e+06
0.015000 0.003000 8.006405124099280e+06
0.016000 0.003000 8.006405124099280e+06
0.017000 0.003000 8.006405124099280e+06
0.018000 0.003000 8.006405124099280e+06
0.019000 0.003000 8.006405124099280e+06
-0.019000 0.004000 8.006405124099280e+06
-0.018000 0.004000 8.006405124099280e+06
-0.017000 0.004000 8.006405124099280e+06
-0.016000 0.004000 8.006405124099280e+06
-0.015000 0.004000 8.006405124099280e+06
-0.014000 0.004000 8.006405124099280e+06
-0.013000 0.004000 8.006405124099280e+06
-0.012000 0.004000 8.006405124099280e+06
-0.011000 0.004000 8.006405124099280e+06
-0.010000 0.004000 8.006405124099280e+06
-0.009000 0.004000 8.006405124099280e+06
-0.008000 0.004000 8.006405124099280e+06
-0.007000 0.004000 8.006405124099280e+06
-0.006000 0.004000 8.006405124099280e+06
-0.005000 0.004000 8.006405124099280e+06
-0.004000 0.004000 8.006405124099280e+06
-0.003000 0.004000 8.006405124099280e+06
-0.002000 0.004000 8.006405124099280e+06
-0.001000 0.004000 8.006405124099280e+06
0.000000 0.004000 8.006405124099280e+06
0.001000 0.004000 8.006405124099280e+06
0.002000 0.004000 8.006405124099280e+06
0.003000 0.004000 8.006405124099280e+06
0.004000 0.004000 8.006405124099280e+06
0.005000 0.004000 8.006405124099280e+06
0.006000 0.004000 8.006405124099280e+06
0.007000 0.004000 8.006405124099280e+06
0.008000 0.004000 8.006405124099280e+06
0.009000 0.004000 8.006405124099280e+06
0.010000 0.004000 8.006405124099280e+06
0.011000 0.004000 8.006405124099280e+06
0.012000 0.004000 8.006405124099280e+06
0.013000 0.004000 8.006405124099280e+06
0.014000 0.004000 8.006405124099280e+06
0.015000 0.004000 8.006405124099280e+06
0.016000 0.004000 8.006405124099280e+06
0.017000 0.004000 8.006405124099280e+06
0.018000 0.004000 8.006405124099280e+06
0.019000 0.004000 8.006405124099280e+06
-0.019000 0.005000 8.006405124099280e+06
-0.018000 0.005000 8.006405124099280e+06
-0.017000 0.005000 8.006405124099280e+06
-0.016000 0.005000 8.006405124099280e+06
-0.015000 0.005000 8.006405124099280e+06
-0.014000 0.005000 8.006405124099280e+06
-0.013000 0.005000 8.006405124099280e+06
-0.012000 0.005000 8.006405124099280e+06
-0.011000 0.005000 8.006405124099280e+06
-0.010000 0.005000 8.006405124099280e+06
-0.009000 0.005000 8.006405124099280e+06
-0.008000 0.005000 8.006405124099280e+06
-0.007000 0.005000 8.006405124099280e+06
-0.006000 0.005000 8.006405124099280e+06
-0.005000 0.005000 8.006405124099280e+06
-0.004000 0.005000 8.006405124099280e+06
-0.003000 0.005000 8.006405124099280e+06
-0.002000 0.005000 8.006405124099280e+06
-0.001000 0.005000 8.006405124099280e+06
0.000000 0.005000 8.006405124099280e+06
0.001000 0.005000 8.006405124099280e+06
0.002000 0.005000 8.006405124099280e+06
0.003000 0.005000 8.006405124099280e+06
0.004000 0.005000 8.006405124099280e+06
0.005000 0.005000 8.006405124099280e+06
0.006000 0.005000 8.006405124099280e+06
0.007000 0.005000 8.006405124099280e+06
0.008000 0.005000 8.006405124099280e+06
0.009000 0.005000 8.006405124099280e+06
0.010000 0.005000 8.006405124099280e+06
0.011000 0.005000 8.006405124099280e+06
0.012000 0.005000 8.006405124099280e+06
0.013000 0.005000 8.006405124099280e+06
0.014000 0.005000 8.006405124099280e+06
0.015000 0.005000 8.006405124099280e+06
0.016000 0.005000 8.006405124099280e+06
0.017000 0.005000 8.006405124099280e+06
0.018000 0.005000 8.006405124099280e+06
0.019000 0.005000 8.006405124099280e+06
-0.019000 0.006000 8.006405124099280e+06
-0.018000 0.006000 8.006405124099280e+06
-0.017000 0.006000 8.006405124099280e+06
-0.016000 0.006000 8.006405124099280e+06
-0.015000 0.006000 8.006405124099280e+06
-0.014000 0.006000 8.006405124099280e+06
-0.013000 0.006000 8.006405124099280e+06
-0.012000 0.006000 8.006405124099280e+06
-0.011000 0.006000 8.006405124099280e+06
-0.010000 0.006000 8.006405124099280e+06
-0.009000 0.006000 8.006405124099280e+06
-0.008000 0.006000 8.006405124099280e+06
-0.007000 0.006000 8.006405124099280e+06
-0.006000 0.006000 8.006405124099280e+06
-0.005000 0.006000 8.006405124099280e+06
-0.004000 0.006000 8.006405124099280e+06
-0.003000 0.006000 8.006405124099280e+06
-0.002000 0.006000 8.006405124099280e+06
-0.001000 0.006000 8.006405124099280e+06
0.000000 0.006000 8.006405124099280e+06
0.001000 0.006000 8.006405124099280e+06
0.002000 0.006000 8.006405124099280e+06
0.003000 0.006000 8.006405124099280e+06
0.004000 0.006000 8.006405124099280e+06
0.005000 0.006000 8.006405124099280e+06
0.006000 0.006000 8.006405124099280e+06
0.007000 0.006000 8.006405124099280e+06
0.008000 0.006000 8.006405124099280e+06
0.009000 0.006000 8.006405124099280e+06
0.010000 0.006000 8.006405124099280e+06
0.011000 0.006000 8.006405124099280e+06
0.012000 0.006000 8.006405124099280e+06
0.013000 0.006000 8.006405124099280e+06
0.014000 0.006000 8.006405124099280e+06
0.015000 0.006000 8.006405124099280e+06
0.016000 0.006000 8.006405124099280e+06
0.017000 0.006000 8.006405124099280e+06
0.018000 0.006000 8.006405124099280e+06
0.019000 0.006000 8.006405124099280e+06
-0.018000 0.007000 8.006405124099280e+06
-0.017000 0.007000 8.006405124099280e+06
-0.016000 0.007000 8.006405124099280e+06
-0.015000 0.007000 8.006405124099280e+06
-0.014000 0.007000 8.006405124099280e+06
-0.013000 0.007000 8.006405124099280e+06
-0.012000 0.007000 8.006405124099280e+06
-0.011000 0.007000 8.006405124099280e+06
-0.010000 0.007000 8.006405124099280e+06
-0.009000 0.007000 8.006405124099280e+06
-0.008000 0.007000 8.006405124099280e+06
-0.007000 0.007000 8.006405124099280e+06
-0.006000 0.007000 8.006405124099280e+06
-0.005000 0.007000 8.006405124099280e+06
-0.004000 0.007000 8.006405124099280e+06
-0.003000 0.007000 8.006405124099280e+06
-0.002000 0.007000 8.006405124099280e+06
-0.001000 0.007000 8.006405124099280e+06
0.000000 0.007000 8.006405124099280e+06
0.001000 0.007000 8.006405124099280e+06
0.002000 0.007000 8.006405124099280e+06
0.003000 0.007000 8.006405124099280e+06
0.004000 0.007000 8.006405124099280e+06
0.005000 0.007000 8.006405124099280e+06
0.006000 0.007000 8.006405124099280e+06
0.007000 0.007000 8.006405124099280e+06
0.008000 0.007000 8.006405124099280e+06
0.009000 0.007000 8.006405124099280e+06
0.010000 0.007000 8.006405124099280e+06
0.011000 0.007000 8.006405124099280e+06
0.012000 0.007000 8.006405124099280e+06
0.013000 0.007000 8.006405124099280e+06
0.014000 0.007000 8.006405124099280e+06
0.015000 0.007000 8.006405124099280e+06
0.016000 0.007000 8.006405124099280e+06
0.017000 0.007000 8.006405124099280e+06
0.018000 0.007000 8.006405124099280e+06
-0.018000 0.008000 8.006405124099280e+06
-0.017000 0.008000 8.006405124099280e+06
-0.016000 0.008000 8.006405124099280e+06
-0.015000 0.008000 8.006405124099280e+06
-0.014000 0.008000 8.006405124099280e+06
-0.013000 0.008000 8.006405124099280e+06
-0.012000 0.008000 8.006405124099280e+06
-0.011000 0.008000 8.006405124099280e+06
-0.010000 0.008000 8.006405124099280e+06
-0.009000 0.008000 8.006405124099280e+06
-0.008000 0.008000 8.006405124099280e+06
-0.007000 0.008000 8.006405124099280e+06
-0.006000 0.008000 8.006405124099280e+06
-0.005000 0.008000 8.006405124099280e+06
-0.004000 0.008000 8.006405124099280e+06
-0.003000 0.008000 8.006405124099280e+06
-0.002000 0.008000 8.006405124099280e+06
-0.001000 0.008000 8.006405124099280e+06
0.000000 0.008000 8.006405124099280e+06
0.001000 0.008000 8.006405124099280e+06
0.002000 0.008000 8.006405124099280e+06
0.003000 0.008000 8.006405124099280e+06
0.004000 0.008000 8.006405124099280e+06
0.005000 0.008000 8.006405124099280e+06
0.006000 0.008000 8.006405124099280e+06
0.007000 0.008000 8.006405124099280e+06
0.008000 0.008000 8.006405124099280e+06
0.009000 0.008000 8.006405124099280e+06
0.010000 0.008000 8.006405124099280e+06
0.011000 0.008000 8.006405124099280e+06
0.012000 0.008000 8.006405124099280e+06
0.013000 0.008000 8.006405124099280e+06
0.014000 0.008000 8.006405124099280e+06
0.015000 0.008000 8.006405124099280e+06
0.016000 0.008000 8.006405124099280e+06
0.017000 0.008000 8.006405124099280e+06
0.018000 0.008000 8.006405124099280e+06
-0.017000 0.009000 8.006405124099280e+06
-0.016000 0.009000 8.006405124099280e+06
-0.015000 0.009000 8.006405124099280e+06
-0.014000 0.009000 8.006405124099280e+06
-0.013000 0.009000 8.006405124099280e+06
-0.012000 0.009000 8.006405124099280e+06
-0.011000 0.009000 8.006405124099280e+06
-0.010000 0.009000 8.006405124099280e+06
-0.009000 0.009000 8.006405124099280e+06
-0.008000 0.009000 8.006405124099280e+06
-0.007000 0.009000 8.006405124099280e+06
-0.006000 0.009000 8.006405124099280e+06
-0.005000 0.009000 8.006405124099280e+06
-0.004000 0.009000 8.006405124099280e+06
-0.003000 0.009000 8.006405124099280e+06
-0.002000 0.009000 8.006405124099280e+06
-0.001000 0.009000 8.006405124099280e+06
0.000000 0.009000 8.006405124099280e+06
0.001000 0.009000 8.006405124099280e+06
0.002000 0.009000 8.006405124099280e+06
0.003000 0.009000 8.006405124099280e+06
0.004000 0.009000 8.006405124099280e+06
0.005000 0.009000 8.006405124099280e+06
0.006000 0.009000 8.006405124099280e+06
0.007000 0.009000 8.006405124099280e+06
0.008000 0.009000 8.006405124099280e+06
0.009000 0.009000 8.006405124099280e+06
0.010000 0.009000 8.006405124099280e+06
0.011000 0.009000 8.006405124099280e+06
0.012000 0.009000 8.006405124099280e+06
0.013000 0.009000 8.006405124099280e+06
0.014000 0.009000 8.006405124099280e+06
0.015000 0.009000 8.006405124099280e+06
0.016000 0.009000 8.006405124099280e+06
0.017000 0.009000 8.006405124099280e+06
-0.017000 0.010000 8.006405124099280e+06
-0.016000 0.010000 8.006405124099280e+06
-0.015000 0.010000 8.006405124099280e+06
-0.014000 0.010000 8.006405124099280e+06
-0.013000 0.010000 8.006405124099280e+06
-0.012000 0.010000 8.006405124099280e+06
-0.011000 0.010000 8.006405124099280e+06
-0.010000 0.010000 8.006405124099280e+06
-0.009000 0.010000 8.006405124099280e+06
-0.008000 0.010000 8.006405124099280e+06
-0.007000 0.010000 8.006405124099280e+06
-0.006000 0.010000 8.006405124099280e+06
-0.005000 0.010000 8.006405124099280e+06
-0.004000 0.010000 8.006405124099280e+06
-0.003000 0.010000 8.006405124099280e+06
-0.002000 0.010000 8.006405124099280e+06
-0.001000 0.010000 8.006405124099280e+06
0.000000 0.010000 8.006405124099280e+06
0.001000 0.010000 8.006405124099280e+06
0.002000 0.010000 8.006405124099280e+06
0.003000 0.010000 8.006405124099280e+06
0.004000 0.010000 8.006405124099280e+06
0.005000 0.010000 8.006405124099280e+06
0.006000 0.010000 8.006405124099280e+06
0.007000 0.010000 8.006405124099280e+06
0.008000 0.010000 8.006405124099280e+06
0.009000 0.010000 8.006405124099280e+06
0.010000 0.010000 8.006405124099280e+06
0.011000 0.010000 8.006405124099280e+06
0.012000 0.010000 8.006405124099280e+06
0.013000 0.010000 8.006405124099280e+06
0.014000 0.010000 8.006405124099280e+06
0.015000 0.010000 8.006405124099280e+06
0.016000 0.010000 8.006405124099280e+06
0.017000 0.010000 8.006405124099280e+06
-0.016000 0.011000 8.006405124099280e+06
-0.015000 0.011000 8.006405124099280e+06
-0.014000 0.011000 8.006405124099280e+06
-0.013000 0.011000 8.006405124099280e+06
-0.012000 0.011000 8.006405124099280e+06
-0.011000 0.011000 8.006405124099280e+06
-0.010000 0.011000 8.006405124099280e+06
-0.009000 0.011000 8.006405124099280e+06
-0.008000 0.011000 8.006405124099280e+06
-0.007000 0.011000 8.006405124099280e+06
-0.006000 0.011000 8.006405124099280e+06
-0.005000 0.011000 8.006405124099280e+06
-0.004000 0.011000 8.006405124099280e+06
-0.003000 0.011000 8.006405124099280e+06
-0.002000 0.011000 8.006405124099280e+06
-0.001000 0.011000 8.006405124099280e+06
0.000000 0.011000 8.006405124099280e+06
0.001000 0.011000 8.006405124099280e+06
0.002000 0.011000 8.006405124099280e+06
0.003000 0.011000 8.006405124099280e+06
0.004000 0.011000 8.006405124099280e+06
0.005000 0.011000 8.006405124099280e+06
0.006000 0.011000 8.006405124099280e+06
0.007000 0.011000 8.006405124099280e+06
0.008000 0.011000 8.006405124099280e+06
0.009000 0.011000 8.006405124099280e+06
0.010000 0.011000 8.006405124099280e+06
0.011000 0.011000 8.006405124099280e+06
0.012000 0.011000 8.006405124099280e+06
0.013000 0.011000 8.006405124099280e+06
0.014000 0.011000 8.006405124099280e+06
0.015000 0.011000 8.006405124099280e+06
0.016000 0.011000 8.006405124099280e+06
-0.015000 0.012000 8.006405124099280e+06
-0.014000 0.012000 8.006405124099280e+06
-0.013000 0.012000 8.006405124099280e+06
-0.012000 0.012000 8.006405124099280e+06
-0.011000 0.012000 8.006405124099280e+06
-0.010000 0.012000 8.006405124099280e+06
-0.009000 0.012000 8.006405124099280e+06
-0.008000 0.012000 8.006405124099280e+06
-0.007000 0.012000 8.006405124099280e+06
-0.006000 0.012000 8.006405124099280e+06
-0.005000 0.012000 8.006405124099280e+06
-0.004000 0.012000 8.006405124099280e+06
-0.003000 0.012000 8.006405124099280e+06
-0.002000 0.012000 8.006405124099280e+06
-0.001000 0.012000 8.006405124099280e+06
0.000000 0.012000 8.006405124099280e+06
0.001000 0.012000 8.006405124099280e+06
0.002000 0.012000 8.006405124099280e+06
0.003000 0.012000 8.006405124099280e+06
0.004000 0.012000 8.006405124099280e+06
0.005000 0.012000 8.006405124099280e+06
0.006000 0.012000 8.006405124099280e+06
0.007000 0.012000 8.006405124099280e+06
0.008000 0.012000 8.006405124099280e+06
0.009000 0.012000 8.006405124099280e+06
0.010000 0.012000 8.006405124099280e+06
0.011000 0.012000 8.006405124099280e+06
0.012000 0.012000 8.006405124099280e+06
0.013000 0.012000 8.006405124099280e+06
0.014000 0.012000 8.006405124099280e+06
0.015000 0.012000 8.006405124099280e+06
-0.015000 0.013000 8.006405124099280e+06
-0.014000 0.013000 8.006405124099280e+06
-0.013000 0.013000 8.006405124099280e+06
-0.012000 0.013000 8.006405124099280e+06
-0.011000 0.013000 8.006405124099280e+06
-0.010000 0.013000 8.006405124099280e+06
-0.009000 0.013000 8.006405124099280e+06
-0.008000 0.013000 8.006405124099280e+06
-0.007000 0.013000 8.006405124099280e+06
-0.006000 0.013000 8.006405124099280e+06
-0.005000 0.013000 8.006405124099280e+06
-0.004000 0.013000 8.006405124099280e+06
-0.003000 0.013000 8.006405124099280e+06
-0.002000 0.013000 8.006405124099280e+06
-0.001000 0.013000 8.006405124099280e+06
0.000000 0.013000 8.006405124099280e+06
0.001000 0.013000 8.006405124099280e+06
0.002000 0.013000 8.006405124099280e+06
0.003000 0.013000 8.006405124099280e+06
0.004000 0.013000 8.006405124099280e+06
0.005000 0.013000 8.006405124099280e+06
0.006000 0.013000 8.006405124099280e+06
0.007000 0.013000 8.006405124099280e+06
0.008000 0.013000 8.006405124099280e+06
0.009000 0.013000 8.006405124099280e+06
0.010000 0.013000 8.006405124099280e+06
0.011000 0.013000 8.006405124099280e+06
0.012000 0.013000 8.006405124099280e+06
0.013000 0.013000 8.006405124099280e+06
0.014000 0.013000 8.006405124099280e+06
0.015000 0.013000 8.006405124099280e+06
-0.014000 0.014000 8.006405124099280e+06
-0.013000 0.014000 8.006405124099280e+06
-0.012000 0.014000 8.006405124099280e+06
-0.011000 0.014000 8.006405124099280e+06
-0.010000 0.014000 8.006405124099280e+06
-0.009000 0.014000 8.006405124099280e+06
-0.008000 0.014000 8.006405124099280e+06
-0.007000 0.014000 8.006405124099280e+06
-0.006000 0.014000 8.006405124099280e+06
-0.005000 0.014000 8.006405124099280e+06
-0.004000 0.014000 8.006405124099280e+06
-0.003000 0.014000 8.006405124099280e+06
-0.002000 0.014000 8.006405124099280e+06
-0.001000 0.014000 8.006405124099280e+06
0.000000 0.014000 8.006405124099280e+06
0.001000 0.014000 8.006405124099280e+06
0.002000 0.014000 8.006405124099280e+06
0.003000 0.014000 8.006405124099280e+06
0.004000 0.014000 8.006405124099280e+06
0.005000 0.014000 8.006405124099280e+06
0.006000 0.014000 8.006405124099280e+06
0.007000 0.014000 8.006405124099280e+06
0.008000 0.014000 8.006405124099280e+06
0.009000 0.014000 8.006405124099280e+06
0.010000 0.014000 8.006405124099280e+06
0.011000 0.014000 8.006405124099280e+06
0.012000 0.014000 8.006405124099280e+06
0.013000 0.014000 8.006405124099280e+06
0.014000 0.014000 8.006405124099280e+06
-0.013000 0.015000 8.006405124099280e+06
-0.012000 0.015000 8.006405124099280e+06
-0.011000 0.015000 8.006405124099280e+06
-0.010000 0.015000 8.006405124099280e+06
-0.009000 0.015000 8.006405124099280e+06
-0.008000 0.015000 8.006405124099280e+06
-0.007000 0.015000 8.006405124099280e+06
-0.006000 0.015000 8.006405124099280e+06
-0.005000 0.015000 8.006405124099280e+06
-0.004000 0.015000 8.006405124099280e+06
-0.003000 0.015000 8.006405124099280e+06
-0.002000 0.015000 8.006405124099280e+06
-0.001000 0.015000 8.006405124099280e+06
0.000000 0.015000 8.006405124099280e+06
0.001000 0.015000 8.006405124099280e+06
0.002000 0.015000 8.006405124099280e+06
0.003000 0.015000 8.006405124099280e+06
0.004000 0.015000 8.006405124099280e+06
0.005000 0.015000 8.006405124099280e+06
0.006000 0.015000 8.006405124099280e+06
0.007000 0.015000 8.006405124099280e+06
0.008000 0.015000 8.006405124099280e+06
0.009000 0.015000 8.006405124099280e+06
0.010000 0.015000 8.006405124099280e+06
0.011000 0.015000 8.006405124099280e+06
0.012000 0.015000 8.006405124099280e+06
0.013000 0.015000 8.006405124099280e+06
-0.011000 0.016000 8.006405124099280e+06
-0.010000 0.016000 8.006405124099280e+06
-0.009000 0.016000 8.006405124099280e+06
-0.008000 0.016000 8.006405124099280e+06
-0.007000 0.016000 8.006405124099280e+06
-0.006000 0.016000 8.006405124099280e+06
-0.005000 0.016000 8.006405124099280e+06
-0.004000 0.016000 8.006405124099280e+06
-0.003000 0.016000 8.006405124099280e+06
-0.002000 0.016000 8.006405124099280e+06
-0.001000 0.016000 8.006405124099280e+06
0.000000 0.016000 8.006405124099280e+06
0.001000 0.016000 8.006405124099280e+06
0.002000 0.016000 8.006405124099280e+06
0.003000 0.016000 8.006405124099280e+06
0.004000 0.016000 8.006405124099280e+06
0.005000 0.016000 8.006405124099280e+06
0.006000 0.016000 8.006405124099280e+06
0.007000 0.016000 8.006405124099280e+06
0.008000 0.016000 8.006405124099280e+06
0.009000 0.016000 8.006405124099280e+06
0.010000 0.016000 8.006405124099280e+06
0.011000 0.016000 8.006405124099280e+06
-0.010000 0.017000 8.006405124099280e+06
-0.009000 0.017000 8.006405124099280e+06
-0.008000 0.017000 8.006405124099280e+06
-0.007000 0.017000 8.006405124099280e+06
-0.006000 0.017000 8.006405124099280e+06
-0.005000 0.017000 8.006405124099280e+06
-0.004000 0.017000 8.006405124099280e+06
-0.003000 0.017000 8.006405124099280e+06
-0.002000 0.017000 8.006405124099280e+06
-0.001000 0.017000 8.006405124099280e+06
0.000000 0.017000 8.006405124099280e+06
0.001000 0.017000 8.006405124099280e+06
0.002000 0.017000 8.006405124099280e+06
0.003000 0.017000 8.006405124099280e+06
0.004000 0.017000 8.006405124099280e+06
0.005000 0.017000 8.006405124099280e+06
0.006000 0.017000 8.006405124099280e+06
0.007000 0.017000 8.006405124099280e+06
0.008000 0.017000 8.006405124099280e+06
0.009000 0.017000 8.006405124099280e+06
0.010000 0.017000 8.006405124099280e+06
-0.008000 0.018000 8.006405124099280e+06
-0.007000 0.018000 8.006405124099280e+06
-0.006000 0.018000 8.006405124099280e+06
-0.005000 0.018000 8.006405124099280e+06
-0.004000 0.018000 8.006405124099280e+06
-0.003000 0.018000 8.006405124099280e+06
-0.002000 0.018000 8.006405124099280e+06
-0.001000 0.018000 8.006405124099280e+06
0.000000 0.018000 8.006405124099280e+06
0.001000 0.018000 8.006405124099280e+06
0.002000 0.018000 8.006405124099280e+06
0.003000 0.018000 8.006405124099280e+06
0.004000 0.018000 8.006405124099280e+06
0.005000 0.018000 8.006405124099280e+06
0.006000 0.018000 8.006405124099280e+06
0.007000 0.018000 8.006405124099280e+06
0.008000 0.018000 8.006405124099280e+06
-0.006000 0.019000 8.006405124099280e+06
-0.005000 0.019000 8.006405124099280e+06
-0.004000 0.019000 8.006405124099280e+06
-0.003000 0.019000 8.006405124099280e+06
-0.002000 0.019000 8.006405124099280e+06
-0.001000 0.019000 8.006405124099280e+06
0.000000 0.019000 8.006405124099280e+06
0.001000 0.019000 8.006405124099280e+06
0.002000 0.019000 8.006405124099280e+06
0.003000 0.019000 8.006405124099280e+06
0.004000 0.019000 8.006405124099280e+06
0.005000 0.019000 8.006405124099280e+06
0.006000 0.019000 8.006405124099280e+06
