# MEFS Flux Sweep
# Base flux_scale F = 4.000000e-01
# Dark current/pixel = 2.000000e-03
# R sweeps from 10 to 1e5, steps of 1.1x
# Flux at each step = F / R  (pixel values already include F)
# Col 1: R (divisor applied to F)
# Col 2: Total flux scale (F/R)
# Col 3: IFS optimal N (pixels)
# Col 4: IFS SNR (1-sec)
# Col 5: IFS time for SNR=20 (sec)
# Col 6: IFS time for SNR=20 (hr)
# Col 7: MEFS SNR (1-sec)
# Col 8: MEFS time for SNR=20 (sec)
# Col 9: MEFS time for SNR=20 (hr)
# Col 10: MEFS/IFS SNR ratio
# ------------------------------------------------------------------
   1.000000e+01    4.000000e-02    1024    3.301425e-02       366992.37     101.9423    5.884707e-02       115507.53      32.0854     1.782475
   1.100000e+01    3.636364e-02    1024    3.125158e-02       409558.71     113.7663    5.608267e-02       127175.26      35.3265     1.794555
   1.210000e+01    3.305785e-02    1024    2.956623e-02       457581.00     127.1058    5.344570e-02       140034.33      38.8984     1.807660
   1.331000e+01    3.005259e-02    1024    2.795493e-02       511850.72     142.1808    5.093017e-02       154209.03      42.8358     1.821867
   1.464100e+01    2.732054e-02    1024    2.641454e-02       573289.16     159.2470    4.853037e-02       169837.16      47.1770     1.837260
   1.610510e+01    2.483685e-02    1024    2.494217e-02       642970.95     178.6030    4.624087e-02       187071.63      51.9643     1.853923
   1.771561e+01    2.257896e-02    1024    2.353508e-02       722152.07     200.5978    4.405648e-02       206082.20      57.2451     1.871949
   1.948717e+01    2.052632e-02    1024    2.219069e-02       812303.36     225.6398    4.197223e-02       227057.54      63.0715     1.891434
   2.143589e+01    1.866030e-02    1024    2.090661e-02       915150.64     254.2085    3.998341e-02       250207.51      69.5021     1.912477
   2.357948e+01    1.696390e-02    1024    1.968059e-02      1032722.60     286.8674    3.808551e-02       275765.77      76.6016     1.935181
   2.593742e+01    1.542173e-02    1024    1.851052e-02      1167408.42     324.2801    3.627425e-02       303992.73      84.4424     1.959656
   2.853117e+01    1.401976e-02    1024    1.739442e-02      1322026.63     367.2296    3.454551e-02       335178.96      93.1053     1.986011
   3.138428e+01    1.274523e-02    1024    1.633043e-02      1499907.95     416.6411    3.289540e-02       369649.08     102.6803     2.014362
   3.452271e+01    1.158658e-02    1024    1.531682e-02      1704994.74     473.6096    3.132019e-02       407766.18     113.2684     2.044824
   3.797498e+01    1.053325e-02    1024    1.435191e-02      1941960.48     539.4335    2.981633e-02       449936.95     124.9825     2.077516
   4.177248e+01    9.575682e-03    1024    1.343416e-02      2216353.60     615.6538    2.838043e-02       496617.57     137.9493     2.112557
   4.594973e+01    8.705165e-03    1024    1.256205e-02      2534770.43     704.1029    2.700926e-02       548320.50     152.3112     2.150067
   5.054470e+01    7.913787e-03    1024    1.173416e-02      2905063.55     806.9621    2.569976e-02       605622.37     168.2284     2.190165
   5.559917e+01    7.194352e-03    1024    1.094910e-02      3336592.66     926.8313    2.444898e-02       669173.09     185.8814     2.232967
   6.115909e+01    6.540320e-03    1024    1.020551e-02      3840526.91    1066.8130    2.325414e-02       739706.47     205.4740     2.278587
   6.727500e+01    5.945745e-03    1024    9.502062e-03      4430209.40    1230.6137    2.211258e-02       818052.56     227.2368     2.327135
   7.400250e+01    5.405223e-03    1024    8.837457e-03      5121596.66    1422.6657    2.102177e-02       905152.10     251.4311     2.378712
   8.140275e+01    4.913839e-03    1024    8.210393e-03      5933788.72    1648.2746    1.997930e-02      1002073.40     278.3537     2.433416
   8.954302e+01    4.467126e-03    1024    7.619576e-03      6889668.78    1913.7969    1.898289e-02      1110032.10     308.3422     2.491331
   9.849733e+01    4.061024e-03    1024    7.063710e-03      8016675.07    2226.8542    1.803036e-02      1230414.45     341.7818     2.552533
   1.083471e+02    3.691840e-03    1024    6.541493e-03      9347732.65    2596.5924    1.711964e-02      1364804.67     379.1124     2.617085
   1.191818e+02    3.356218e-03    1024    6.051616e-03     10922378.43    3033.9940    1.624880e-02      1515017.15     420.8381     2.685034
   1.310999e+02    3.051107e-03    1024    5.592766e-03     12788119.68    3552.2555    1.541596e-02      1683134.59     467.5374     2.756411
   1.442099e+02    2.773734e-03    1024    5.163621e-03     15002074.92    4167.2430    1.461938e-02      1871553.09     519.8759     2.831226
   1.586309e+02    2.521576e-03    1024    4.762856e-03     17632956.07    4898.0434    1.385740e-02      2083035.49     578.6210     2.909472
   1.744940e+02    2.292342e-03    1024    4.389147e-03     20763463.20    5767.6287    1.312845e-02      2320774.83     644.6597     2.991117
   1.919434e+02    2.083947e-03    1024    4.041173e-03     24493178.27    6803.6606    1.243107e-02      2588469.61     719.0193     3.076104
   2.111378e+02    1.894498e-03    1024    3.717622e-03     28942062.08    8039.4617    1.176386e-02      2890413.50     802.8926     3.164352
   2.322515e+02    1.722271e-03    1024    3.417197e-03     34254680.74    9515.1891    1.112554e-02      3231602.14     897.6673     3.255750
   2.554767e+02    1.565701e-03    1024    3.138619e-03     40605314.43   11279.2540    1.051487e-02      3617860.57    1004.9613     3.350160
   2.810244e+02    1.423364e-03    1024    2.880633e-03     48204133.07   13390.0370    9.930732e-03      4055995.47    1126.6654     3.447414
   3.091268e+02    1.293967e-03    1024    2.642013e-03     57304662.47   15917.9618    9.372049e-03      4553977.12    1264.9936     3.547313
   3.400395e+02    1.176334e-03    1024    2.421570e-03     68212811.20   18948.0031    8.837836e-03      5121157.18    1422.5437     3.649631
   3.740434e+02    1.069395e-03    1024    2.218149e-03     81297785.41   22582.7182    8.327170e-03      5768529.53    1602.3693     3.754108
   4.114478e+02    9.721768e-04    1024    2.030637e-03     97005287.04   26945.9131    7.839194e-03      6509043.01    1808.0675     3.860461
   4.525926e+02    8.837971e-04    1024    1.857967e-03    115873474.30   32187.0762    7.373111e-03      7357976.55    2043.8824     3.968376
   4.978518e+02    8.034519e-04    1024    1.699117e-03    138552263.39   38486.7398    6.928180e-03      8333389.58    2314.8304     4.077519
   5.476370e+02    7.304108e-04    1024    1.553112e-03    165826672.20   46062.9645    6.503708e-03      9456663.14    2626.8509     4.187533
   6.024007e+02    6.640099e-04    1024    1.419029e-03    198645053.58   55179.1815    6.099049e-03     10753150.33    2986.9862     4.298046
   6.626408e+02    6.036453e-04    1024    1.295990e-03    238153243.77   66153.6788    5.713596e-03     12252958.62    3403.5996     4.408672
   7.289048e+02    5.487685e-04    1024    1.183171e-03    285735866.86   79371.0741    5.346773e-03     13991891.33    3886.6365     4.519019
   8.017953e+02    4.988804e-04    1024    1.079794e-03    343066296.35   95296.1934    4.998035e-03     16012581.04    4447.9392     4.628693
   8.819749e+02    4.535277e-04    1024    9.851295e-04    412167090.34  114490.8584    4.666856e-03     18365854.84    5101.6263     4.737302
   9.701723e+02    4.122979e-04    1024    8.984948e-04    495483097.81  137634.1938    4.352727e-03     21112379.33    5864.5498     4.844465
   1.067190e+03    3.748163e-04    1024    8.192526e-04    595969895.04  165547.1931    4.055148e-03     24324643.45    6756.8454     4.949814
   1.173909e+03    3.407421e-04    1024    7.468091e-04    717200769.14  199222.4359    3.773629e-03     28089349.48    7802.5971     5.053003
   1.291299e+03    3.097655e-04    1024    6.806123e-04    863496141.20  239860.0392    3.507676e-03     32510296.87    9030.6380     5.153707
   1.420429e+03    2.816050e-04    1024    6.201498e-04   1040080138.76  288911.1497    3.256799e-03     37711861.61   10475.5171     5.251634
   1.562472e+03    2.560045e-04    1024    5.649470e-04   1253270015.80  348130.5599    3.020500e-03     43843195.18   12178.6653     5.346520
   1.718719e+03    2.327314e-04    1024    5.145649e-04   1510705315.28  419640.3654    2.798276e-03     51083293.07   14189.8036     5.438141
   1.890591e+03    2.115740e-04    1024    4.685981e-04   1821625116.22  506006.9767    2.589615e-03     59647114.21   16568.6428     5.526304
   2.079651e+03    1.923400e-04    1024    4.266727e-04   2197203459.40  610334.2943    2.394000e-03     69792970.74   19386.9363     5.610858
   2.287616e+03    1.748545e-04    1024    3.884443e-04   2650955164.83  736376.4347    2.210904e-03     81831453.41   22730.9593     5.691688
   2.516377e+03    1.589587e-04    1024    3.535961e-04   3199226818.32  888674.1162    2.039795e-03     96136213.31   26704.5037     5.768714
   2.768015e+03    1.445079e-04    1024    3.218367e-04   3861790807.59 1072719.6688    1.880136e-03    113156988.26   31432.4967     5.841894
   3.044816e+03    1.313708e-04    1024    2.928988e-04   4662564042.53 1295156.6785    1.731389e-03    133435342.96   37065.3730     5.911218
   3.349298e+03    1.194280e-04    1024    2.665369e-04   5630477536.82 1564021.5380    1.593013e-03    157623690.87   43784.3586     5.976706
   3.684228e+03    1.085709e-04    1024    2.425262e-04   6800528524.97 1889035.7014    1.464472e-03    186508284.43   51807.8568     6.038405
   4.052651e+03    9.870083e-05    1024    2.206606e-04   8215053439.41 2281959.2887    1.345233e-03    221037004.48   61399.1679     6.096389
   4.457916e+03    8.972803e-05    1024    2.007515e-04   9925268119.88 2757018.9222    1.234773e-03    262352953.78   72875.8205     6.150751
   4.903707e+03    8.157094e-05    1024    1.826265e-04  11993131364.56 3331425.3790    1.132576e-03    311835070.27   86620.8529     6.201601
   5.394078e+03    7.415540e-05    1024    1.661276e-04  14493599714.49 4025999.9207    1.038142e-03    371147230.84  103096.4530     6.249065
   5.933486e+03    6.741400e-05    1024    1.511109e-04  17517355619.11 4865932.1164    9.509829e-04    442297624.71  122860.4513     6.293279
   6.526834e+03    6.128545e-05    1024    1.374445e-04  21174108380.36 5881696.7723    8.706270e-04    527710548.83  146586.2636     6.334388
   7.179518e+03    5.571405e-05    1024    1.250083e-04  25596588145.58 7110163.3738    7.966211e-04    630313229.31  175087.0081     6.372544
   7.897470e+03    5.064913e-05    1024    1.136926e-04  30945378474.16 8595938.4650    7.285306e-04    753640819.21  209344.6720     6.407900
   8.687217e+03    4.604467e-05    1024    1.033971e-04  37414763562.16 10392989.8784    6.659407e-04    901963384.16  250545.3845     6.440611
   9.555938e+03    4.185879e-05    1024    9.403069e-05  45239803184.88 12566611.9958    6.084568e-04   1080439487.05  300122.0797     6.470832
   1.051153e+04    3.805344e-05    1024    8.551000e-05  54704893158.31 15195803.6551    5.557052e-04   1295301950.77  359806.0974     6.498716
   1.156269e+04    3.459404e-05    1024    7.775916e-05  66154123256.45 18376145.3490    5.073328e-04   1554082549.01  431689.5969     6.524413
   1.271895e+04    3.144913e-05    1024    7.070899e-05  80003810026.08 22223280.5628    4.630072e-04   1865883791.74  518301.0533     6.548066
   1.399085e+04    2.859012e-05    1024    6.429650e-05  96757661201.09 26877128.1114    4.224161e-04   2241707686.19  622696.5795     6.569816
   1.538993e+04    2.599101e-05    1024    5.846426e-05 117025124322.97 32506978.9786    3.852675e-04   2694853428.28  748570.3967     6.589796
   1.692893e+04    2.362820e-05    1024    5.315999e-05 141543588218.75 39317663.3941    3.512884e-04   3241398489.02  900388.4692     6.608135
   1.862182e+04    2.148018e-05    1024    4.833608e-05 171205246401.11 47557012.8892    3.202243e-04   3900780596.60 1083550.1657     6.624953
   2.048400e+04    1.952743e-05    1024    4.394919e-05 207089601355.55 57524889.2654    2.918386e-04   4696501789.25 1304583.8303     6.640364
   2.253240e+04    1.775221e-05    1024    3.995984e-05 250502794258.22 69584109.5162    2.659118e-04   5656980159.10 1571383.3775     6.654477
   2.478564e+04    1.613838e-05    1024    3.633211e-05 303025193417.76 84173664.8383    2.422405e-04   6816580286.02 1893494.5239     6.667394
   2.726421e+04    1.467125e-05    1024    3.303331e-05 366568975721.71 101824715.4783    2.206363e-04   8216859868.96 2282461.0747     6.679207
   2.999063e+04    1.333750e-05    1024    3.003369e-05 443447799561.42 123179944.3226    2.009256e-04   9908077936.59 2752243.8713     6.690007
   3.298969e+04    1.212500e-05    1024    2.730618e-05 536461108383.68 149016974.5510    1.829479e-04  11951019547.94 3319727.6522     6.699874
   3.628866e+04    1.102273e-05    1024    2.482613e-05 648996137231.55 180276704.7865    1.665556e-04  14419203422.14 4005334.2839     6.708886
   3.991753e+04    1.002066e-05    1024    2.257113e-05 785151339826.94 218097594.3964    1.516128e-04  17401552886.84 4833764.6908     6.717113
   4.390928e+04    9.109692e-06    1024    2.052080e-05 949885734425.06 263857148.4514    1.379946e-04  21005627413.73 5834896.5038     6.724622
   4.830021e+04    8.281538e-06    1024    1.865659e-05 1149199611291.59 319222114.2477    1.255863e-04  25361532433.33 7044870.1204     6.731471
   5.313023e+04    7.528671e-06    1024    1.696162e-05 1390353187642.61 386209218.7896    1.142826e-04  30626649833.32 8507402.7315     6.737718
   5.844325e+04    6.844246e-06    1024    1.542056e-05 1682131178903.56 467258660.8065    1.039872e-04  36991361446.21 10275378.1795     6.743413
   6.428757e+04    6.222042e-06    1024    1.401943e-05 2035162928592.67 565323035.7202    9.461160e-05  44685974012.59 12412770.5591     6.748605
   7.071633e+04    5.656402e-06    1024    1.274555e-05 2462309764005.74 683974934.4460    8.607499e-05  53989097884.18 14996971.6345     6.753335
   7.778796e+04    5.142184e-06    1024    1.158737e-05 2979133694973.30 827537137.4926    7.830336e-05  65237784701.70 18121606.8616     6.757645
   8.556676e+04    4.674712e-06    1024    1.053440e-05 3604464537573.25 1001240149.3259    7.122907e-05  78839793377.08 21899942.6047     6.761571
   9.412344e+04    4.249739e-06    1024    9.577070e-06 4361086131860.94 1211412814.4058    6.479029e-05  95288431263.09 26469008.6842     6.765147
